School,W,L,Pts,Opp,MOV,SOS,OSRS,DSRS,SRS,ORtg,DRtg,NRtg
Duke,31,3,82.7,61.9,20.79,9.52,14.05,16.26,30.32,130.24,85.96,44.28
Auburn,28,5,83.8,69.6,14.24,15.34,17.97,11.62,29.58,130.74,89.22,41.52
Houston,30,4,74.2,58.5,15.74,12.72,7.48,20.97,28.45,125.54,82.58,42.95
Florida,29,4,85.4,69.0,16.39,11.43,17.39,10.43,27.82,127.66,88.84,38.82
Alabama,25,8,91.1,81.4,9.70,16.27,24.74,1.22,25.97,127.95,92.53,35.42
Tennessee,27,6,74.7,62.3,12.33,12.70,6.13,18.90,25.04,121.01,84.74,36.28
Texas Tech,25,8,80.9,67.6,13.33,10.58,13.59,10.32,23.91,127.76,92.77,34.99
Gonzaga,25,8,86.6,69.6,17.00,6.63,17.27,6.36,23.63,125.03,92.13,32.90
Maryland,25,8,81.7,67.0,14.67,8.87,12.51,11.03,23.54,120.78,88.49,32.29
Arizona,22,12,81.7,72.4,9.29,13.84,16.12,7.02,23.14,124.51,91.85,32.66
Iowa State,24,9,80.4,68.1,12.30,10.75,12.57,10.48,23.05,121.38,88.80,32.58
Michigan State,27,6,78.2,67.2,10.91,11.56,9.90,12.57,22.47,120.32,88.59,31.72
St. John's (NY),30,4,78.7,65.9,12.82,8.95,10.71,11.06,21.77,115.59,85.10,30.49
Illinois,21,12,83.8,74.6,9.21,12.51,17.05,4.68,21.72,123.45,93.53,29.92
Kentucky,22,11,85.3,77.9,7.42,14.20,17.83,3.79,21.62,126.01,95.93,30.08
Wisconsin,26,8,80.5,70.8,9.74,11.41,12.79,8.36,21.15,124.11,94.14,29.97
Kansas,21,12,76.2,69.3,6.94,13.78,9.95,10.77,20.72,118.47,88.59,29.89
Purdue,22,11,77.9,71.1,6.79,13.89,10.65,10.03,20.68,126.33,96.81,29.52
Missouri,22,11,84.5,73.8,10.61,9.79,15.24,5.16,20.39,126.60,97.91,28.69
Texas A&M,22,10,74.3,67.9,6.38,13.67,7.30,12.75,20.05,118.12,89.14,28.98
Michigan,24,9,78.8,71.8,7.06,12.91,12.15,7.82,19.97,118.73,91.21,27.52
Brigham Young,24,9,81.0,70.9,10.09,9.72,13.61,6.21,19.82,124.48,96.26,28.22
Baylor,19,14,76.5,69.2,7.30,13.59,10.11,9.32,19.43,124.09,96.17,27.93
Louisville,27,7,78.6,68.9,9.68,9.62,10.76,8.55,19.30,119.75,92.54,27.21
UCLA,22,10,74.8,65.7,9.03,10.21,5.86,13.38,19.24,119.70,92.12,27.58
Marquette,23,10,76.9,68.5,8.33,10.56,9.82,9.07,18.89,119.65,92.81,26.84
Clemson,27,6,76.3,65.7,10.67,7.84,7.07,11.45,18.51,120.60,93.09,27.51
Mississippi,22,11,77.2,71.7,5.45,12.47,9.73,8.20,17.93,118.68,93.15,25.54
Ohio State,17,15,78.8,73.5,5.28,12.61,11.14,6.75,17.89,119.89,95.07,24.82
Connecticut,23,10,77.4,68.0,9.36,8.48,8.79,9.06,17.84,123.71,97.99,25.73
Saint Mary's (CA),28,5,73.5,60.7,12.85,5.75,1.48,16.27,17.75,117.20,90.30,26.90
Mississippi State,21,12,79.8,74.2,5.61,11.93,11.50,6.04,17.53,120.69,95.85,24.84
Oregon,24,9,76.2,70.9,5.27,12.23,9.02,8.48,17.50,118.31,93.54,24.76
Georgia,20,12,75.6,69.3,6.25,10.98,6.74,10.49,17.23,117.45,93.23,24.22
North Carolina,22,13,80.8,75.0,5.83,11.34,14.02,3.15,17.17,120.73,96.48,24.25
Arkansas,20,13,76.6,71.2,5.45,11.19,8.29,8.36,16.64,114.72,91.81,22.91
Creighton,24,10,75.2,69.5,5.71,10.66,8.24,8.13,16.36,119.13,95.53,23.60
Texas,19,15,78.4,72.2,6.21,9.99,10.22,5.98,16.20,119.88,96.99,22.89
Xavier,21,11,78.0,70.9,7.16,8.41,10.12,5.45,15.57,118.11,96.15,21.96
Oklahoma,20,13,78.8,74.8,4.00,11.42,10.63,4.80,15.42,120.68,98.81,21.87
West Virginia,19,13,68.2,64.8,3.34,11.95,1.39,13.90,15.29,112.33,90.54,21.78
Virginia Commonwealth,27,6,77.4,62.4,15.03,1.17,5.03,10.23,15.26,116.26,93.44,22.81
New Mexico,26,7,81.2,70.8,10.48,5.97,11.68,3.48,15.16,113.46,92.82,20.64
Vanderbilt,20,12,79.6,74.8,4.84,10.19,11.74,3.29,15.03,119.75,98.63,21.12
Southern Methodist,23,10,80.0,71.1,8.91,6.03,10.39,4.56,14.94,117.94,97.47,20.47
Indiana,19,13,74.7,72.0,2.63,11.98,6.92,7.69,14.60,114.93,94.32,20.61
Cincinnati,18,15,70.5,65.7,4.82,9.78,2.64,11.96,14.59,113.52,92.93,20.59
Northwestern,17,16,72.4,69.2,3.27,11.26,4.37,10.16,14.53,115.23,94.52,20.70
Utah State,26,7,80.9,70.0,10.91,5.23,11.35,3.13,14.48,122.79,101.69,21.10
Colorado State,25,9,75.2,67.1,8.15,5.77,6.08,7.83,13.92,117.47,96.90,20.57
Boise State,24,10,74.9,66.1,8.82,5.86,5.17,8.73,13.89,118.51,98.09,20.42
San Diego State,21,9,70.9,63.6,7.23,8.06,1.60,12.19,13.78,111.06,90.82,20.24
Penn State,16,15,79.1,73.2,5.87,7.76,9.55,4.08,13.63,116.24,97.91,18.33
Pittsburgh,17,15,75.9,70.8,5.03,8.58,6.94,6.68,13.61,117.27,98.32,18.95
Villanova,19,14,73.4,67.5,5.88,7.46,4.91,8.43,13.34,120.83,101.08,19.74
Santa Clara,20,12,81.3,72.8,8.44,4.72,10.13,3.03,13.16,117.73,99.13,18.60
UC San Diego,30,4,79.8,61.6,18.15,-2.06,3.96,9.07,13.04,114.53,95.33,19.21
Nebraska,17,14,75.4,72.9,2.52,10.47,6.58,6.40,12.98,114.20,95.99,18.21
Iowa,17,16,82.5,79.7,2.79,10.12,13.47,-0.56,12.90,122.06,104.62,17.44
Memphis,28,5,80.0,73.3,6.76,5.75,9.49,3.02,12.51,114.64,97.02,17.62
Southern California,16,17,76.9,75.5,1.39,11.07,9.15,3.31,12.46,118.06,100.73,17.34
Utah,16,16,75.3,72.2,3.09,8.86,7.20,4.75,11.95,114.26,97.66,16.60
Kansas State,16,17,70.8,69.6,1.21,10.09,3.44,7.87,11.30,112.43,96.58,15.85
Arizona State,13,19,73.9,76.5,-2.53,13.73,7.10,4.09,11.20,113.53,97.43,16.10
San Francisco,24,9,75.9,68.9,7.03,4.22,4.37,6.60,10.97,112.12,96.42,15.70
TCU,16,16,67.6,68.7,-1.16,12.05,0.71,10.19,10.90,109.31,93.64,15.68
UCF,17,16,79.3,80.1,-0.82,11.53,12.82,-2.11,10.71,116.25,100.05,16.19
Colorado,14,20,69.9,71.5,-1.56,12.09,3.54,6.99,10.53,110.85,95.81,15.04
Rutgers,15,17,77.0,77.6,-0.53,10.99,9.56,0.90,10.45,115.70,101.33,14.37
Butler,14,19,73.8,73.8,0.03,10.31,7.16,3.18,10.34,117.21,102.56,14.65
Louisiana State,14,18,73.8,73.6,0.25,10.02,5.12,5.15,10.27,111.03,96.99,14.04
South Carolina,12,20,69.8,71.4,-1.66,11.89,1.58,8.66,10.24,111.29,96.79,14.50
Wake Forest,21,11,70.2,68.0,2.16,7.75,1.06,8.84,9.90,108.54,94.36,14.18
Nevada,17,16,72.3,68.1,4.18,5.57,2.36,7.40,9.76,115.19,101.15,14.04
Dayton,22,10,75.2,70.1,5.13,4.67,5.70,3.58,9.29,116.53,102.95,13.58
Stanford,20,13,73.0,70.6,2.42,6.72,3.28,5.86,9.14,114.03,100.79,13.24
Drake,30,3,70.1,58.4,11.67,0.07,-4.82,13.85,9.04,114.24,98.74,15.50
McNeese State,27,6,77.2,64.0,13.21,-2.33,2.27,6.63,8.89,114.22,100.76,13.45
Florida State,17,15,74.5,72.5,2.00,6.81,4.86,3.94,8.81,109.40,97.63,11.76
Oregon State,20,12,76.3,68.8,7.53,2.18,4.00,4.79,8.79,117.92,105.01,12.91
Georgetown,17,15,71.7,68.8,2.84,5.87,2.40,6.31,8.71,109.67,97.49,12.18
Minnesota,15,17,68.1,69.7,-1.66,10.18,-0.23,8.75,8.52,111.05,99.32,11.73
Liberty,28,6,76.6,62.9,13.68,-1.38,1.26,6.98,8.24,111.97,99.25,12.73
Saint Joseph's,22,12,75.4,68.6,6.74,1.34,4.12,3.96,8.07,111.05,99.23,11.82
UC Irvine,28,6,75.9,66.2,9.68,-0.99,2.37,5.70,8.07,106.64,95.51,11.13
North Texas,24,8,68.1,59.7,8.41,0.52,-5.61,13.46,7.85,111.66,98.53,13.13
George Mason,26,7,71.2,63.2,8.00,0.80,-1.82,9.47,7.65,106.93,95.35,11.58
Providence,12,20,71.3,72.5,-1.16,8.69,3.17,4.37,7.54,112.28,101.32,10.95
Notre Dame,15,18,72.6,72.5,0.15,7.28,3.11,4.33,7.43,112.56,102.13,10.43
Georgia Tech,17,16,73.4,72.4,0.94,6.37,3.69,3.62,7.31,108.76,98.69,10.07
Nevada-Las Vegas,18,15,69.2,68.1,1.12,5.92,-0.24,7.28,7.04,109.55,99.39,10.17
Oklahoma State,15,17,72.6,76.5,-3.91,10.78,5.32,1.55,6.87,108.72,98.66,10.06
Yale,21,7,81.4,69.2,12.14,-3.81,5.03,1.75,6.78,113.25,103.47,9.79
Bradley,26,8,76.8,68.8,8.03,-0.02,2.72,3.53,6.25,112.67,103.17,9.50
Washington,13,18,71.6,75.5,-3.87,10.74,3.63,2.62,6.24,110.89,102.31,8.58
Virginia,15,17,64.8,66.8,-2.00,8.12,-3.89,10.01,6.12,111.48,102.80,8.68
DePaul,14,19,72.8,74.2,-1.42,7.41,4.28,1.70,5.99,111.22,103.26,7.97
NC State,12,19,69.6,70.4,-0.81,6.70,-0.28,6.17,5.89,109.66,101.91,7.76
California,14,19,75.6,76.8,-1.21,7.07,6.27,-0.41,5.86,111.46,103.27,8.19
Grand Canyon,26,7,79.2,69.1,10.03,-3.02,5.31,0.51,5.82,107.67,100.20,7.47
High Point,29,5,82.2,68.8,13.44,-5.78,5.85,-0.44,5.41,116.86,108.70,8.16
Northern Iowa,20,12,73.6,67.2,6.41,0.11,0.25,5.12,5.37,111.51,103.30,8.21
Syracuse,14,19,74.7,77.8,-3.09,8.43,5.67,-0.33,5.34,111.41,104.29,7.12
Arkansas State,24,10,79.2,70.1,9.03,-2.77,4.69,0.55,5.23,109.57,102.27,7.30
Lipscomb,25,9,79.3,67.3,12.00,-4.87,1.06,4.01,5.07,111.54,103.61,7.93
Washington State,19,14,78.8,78.4,0.45,4.44,7.75,-2.85,4.90,111.97,105.41,6.56
UAB,22,11,82.8,76.0,6.85,-1.12,9.02,-4.48,4.54,116.19,109.37,6.82
Saint Louis,19,14,74.2,70.3,3.91,2.47,2.17,2.14,4.31,110.08,103.65,6.43
St. Bonaventure,22,11,69.0,64.9,4.09,0.63,-3.81,7.97,4.16,106.90,100.31,6.59
Florida Atlantic,18,15,78.7,75.2,3.48,2.06,6.33,-2.24,4.09,111.44,105.72,5.73
Loyola (IL),22,11,73.5,68.6,4.88,0.36,0.57,3.19,3.77,107.31,101.79,5.52
Troy,23,10,73.9,65.4,8.45,-2.83,-1.66,5.28,3.62,106.71,101.05,5.66
Akron,28,6,84.6,74.5,10.06,-4.51,8.44,-4.89,3.55,111.65,106.94,4.70
George Washington,21,12,73.6,67.8,5.82,-1.69,0.34,2.73,3.06,107.14,102.37,4.76
Virginia Tech,13,19,69.2,73.2,-4.00,7.00,-0.83,3.83,3.00,107.85,104.19,3.67
Middle Tennessee,22,11,75.9,71.4,4.48,1.23,2.94,0.04,2.98,107.93,103.56,4.37
Wichita State,19,14,73.8,72.6,1.24,1.97,1.93,0.85,2.78,106.24,102.38,3.86
Cal State Northridge,22,10,80.6,72.5,8.16,-3.26,5.90,-3.23,2.67,107.23,103.92,3.31
South Dakota State,20,12,79.6,73.5,6.06,-1.47,3.84,-1.35,2.49,109.43,106.27,3.16
UNC Wilmington,27,7,79.4,69.9,9.47,-4.49,1.19,1.14,2.32,110.96,107.23,3.73
Utah Valley,25,8,76.2,68.0,8.21,-3.37,0.30,2.01,2.31,105.40,102.32,3.08
Belmont,22,11,79.3,76.6,2.70,-0.01,7.02,-4.97,2.05,111.83,108.68,3.15
Tulane,19,14,74.9,69.8,5.12,-0.94,0.27,1.76,2.03,108.14,105.28,2.86
Illinois State,19,14,75.5,71.9,3.58,-0.10,1.26,0.61,1.87,112.66,109.35,3.31
Duquesne,13,19,69.1,67.3,1.78,1.52,-2.70,4.52,1.81,105.84,102.90,2.94
Louisiana Tech,20,12,73.9,68.4,5.50,-0.39,-1.56,3.34,1.78,107.68,105.35,2.33
North Alabama,24,10,79.1,70.6,8.56,-5.36,2.24,-0.60,1.64,111.30,108.14,3.16
Northern Colorado,25,9,80.9,72.4,8.44,-3.81,5.14,-3.53,1.61,111.09,108.84,2.24
Rhode Island,18,13,78.0,75.1,2.94,-0.36,4.64,-3.03,1.61,108.31,106.25,2.06
Samford,22,10,83.3,75.2,8.16,-3.85,7.21,-5.63,1.58,110.64,108.25,2.39
Davidson,17,16,72.5,70.7,1.79,0.98,0.13,1.41,1.55,110.62,108.01,2.61
South Alabama,21,11,72.9,64.6,8.38,-4.13,-3.58,5.08,1.51,107.19,103.96,3.24
Loyola Marymount,17,15,71.2,71.6,-0.34,3.22,-1.82,3.30,1.48,105.03,102.89,2.14
North Dakota State,21,11,81.1,74.6,6.53,-3.25,3.94,-2.50,1.44,114.91,112.81,2.10
Jacksonville State,22,12,73.9,68.6,5.21,0.05,-1.61,3.01,1.41,108.11,105.84,2.27
St. Thomas,24,10,83.1,74.8,8.32,-4.17,4.82,-3.48,1.34,112.30,110.30,2.00
New Mexico State,17,15,69.7,65.9,3.72,0.74,-4.78,5.96,1.18,104.56,102.04,2.52
Cornell,18,10,85.1,77.1,8.04,-3.92,8.00,-6.84,1.16,112.86,111.15,1.71
Chattanooga,24,9,78.8,72.0,6.88,-4.17,3.89,-2.90,0.99,113.32,111.56,1.75
Kent State,22,11,73.7,68.4,5.36,-3.24,-3.52,4.40,0.89,104.03,102.32,1.71
Murray State,16,17,71.8,69.2,2.70,0.44,-1.95,2.80,0.85,106.28,104.35,1.92
San Jose State,15,19,72.2,73.4,-1.18,4.39,0.27,0.56,0.83,107.02,106.41,0.61
Kennesaw State,19,14,76.5,73.2,3.30,1.11,2.44,-1.67,0.78,105.74,103.96,1.78
UC Santa Barbara,21,13,74.3,68.8,5.50,-3.00,-1.20,1.99,0.78,107.93,106.92,1.01
Miami (FL),7,24,74.0,80.6,-6.65,7.31,5.94,-5.27,0.67,114.77,113.95,0.82
Milwaukee,21,11,78.4,71.7,6.72,-3.77,1.36,-1.00,0.37,106.87,106.26,0.61
Seattle,14,18,70.4,66.4,4.03,-0.99,-4.13,4.28,0.15,103.18,102.56,0.61
Boston College,12,19,70.4,75.8,-5.39,5.50,0.75,-0.64,0.12,106.21,105.87,0.35
Temple,17,15,78.8,77.7,1.03,-0.05,5.08,-5.00,0.08,108.94,108.78,0.15
Furman,25,9,77.6,69.6,7.94,-3.52,-0.06,0.12,0.06,108.14,108.11,0.03
Seton Hall,7,25,61.6,70.2,-8.63,8.69,-6.51,6.57,0.06,101.06,101.24,-0.18
Robert Morris,26,8,76.9,70.4,6.41,-5.80,0.51,-0.55,-0.04,105.10,105.04,0.06
Western Kentucky,17,15,74.8,74.8,0.09,1.30,1.69,-1.89,-0.21,103.27,103.05,0.23
UC Riverside,21,12,75.2,74.2,0.94,0.40,2.10,-2.35,-0.25,107.48,107.76,-0.28
Wofford,19,15,75.3,69.8,5.50,-3.02,-0.95,0.68,-0.27,110.64,110.68,-0.03
Wyoming,12,20,67.2,71.2,-4.00,4.60,-4.77,4.50,-0.28,103.97,104.76,-0.79
UTEP,18,15,72.5,70.8,1.73,0.68,-0.31,0.03,-0.29,105.05,105.08,-0.03
College of Charleston,24,9,77.2,73.8,3.39,-3.09,3.02,-3.33,-0.31,105.19,105.77,-0.58
East Carolina,19,14,75.8,73.8,2.06,-0.54,0.24,-0.64,-0.41,107.16,107.34,-0.17
Illinois-Chicago,17,14,76.0,73.7,2.29,0.63,2.79,-3.36,-0.58,106.20,107.04,-0.83
California Baptist,17,15,71.3,70.0,1.22,-1.93,-2.07,1.36,-0.71,105.29,106.23,-0.94
Miami (OH),25,9,80.6,72.7,7.85,-5.27,1.99,-2.83,-0.84,107.25,108.29,-1.05
UNC Greensboro,20,12,72.9,65.4,7.50,-4.00,-5.06,4.20,-0.87,104.62,105.39,-0.77
East Tennessee State,19,13,71.9,66.5,5.41,-5.05,-3.94,3.02,-0.92,105.55,106.19,-0.64
Purdue Fort Wayne,19,13,80.7,74.6,6.09,-4.08,4.46,-5.47,-1.01,108.63,110.40,-1.77
Texas A&M-Corpus Christi,20,14,75.8,67.4,8.38,-3.43,-0.73,-0.30,-1.03,106.05,107.13,-1.08
Omaha,22,12,78.1,75.0,3.03,-2.85,2.05,-3.12,-1.07,108.89,110.31,-1.42
Montana,25,9,76.9,72.9,3.94,-1.90,1.70,-2.82,-1.12,109.23,110.78,-1.55
Winthrop,23,11,84.7,78.0,6.71,-3.92,6.59,-8.03,-1.44,105.91,108.06,-2.15
James Madison,20,12,73.9,70.5,3.41,-2.57,-0.81,-0.80,-1.60,108.65,110.66,-2.01
Bryant,23,11,82.4,73.9,8.50,-7.54,4.06,-5.72,-1.66,103.72,106.34,-2.62
Towson,22,11,70.0,66.7,3.27,-3.33,-4.98,3.31,-1.68,104.65,106.86,-2.21
Rice,13,19,70.3,70.3,0.00,-1.87,-2.94,1.10,-1.84,104.45,106.79,-2.34
South Florida,13,19,74.4,74.5,-0.13,0.13,-1.01,-0.83,-1.84,103.10,105.42,-2.33
Cleveland State,21,12,72.8,66.0,6.82,-4.04,-5.15,3.28,-1.87,101.58,104.00,-2.42
Cal Poly,16,19,82.1,82.9,-0.80,-0.14,9.94,-11.88,-1.93,108.46,111.38,-2.93
Florida Gulf Coast,18,14,72.5,69.8,2.75,-4.31,-2.91,0.90,-2.02,106.44,108.79,-2.35
Marshall,20,13,75.7,71.7,4.03,-4.42,-0.23,-1.93,-2.16,103.45,106.06,-2.61
Southern Illinois,14,19,72.9,74.5,-1.61,1.13,-0.26,-1.91,-2.17,105.19,107.66,-2.47
Lamar,20,13,69.9,65.8,4.12,-2.65,-6.03,3.85,-2.19,100.16,102.74,-2.58
Nicholls State,20,13,74.0,69.6,4.45,-2.52,-0.33,-1.86,-2.19,103.71,106.56,-2.85
UTSA,12,19,76.7,76.8,-0.13,0.75,2.78,-5.10,-2.32,107.10,110.07,-2.97
Montana State,15,18,71.3,69.6,1.70,-2.30,-3.31,0.94,-2.37,104.40,107.78,-3.38
Appalachian State,17,14,67.8,63.5,4.26,-3.70,-9.31,6.86,-2.45,99.08,101.73,-2.66
Massachusetts,12,20,72.9,75.0,-2.06,0.76,1.27,-3.74,-2.47,101.95,105.52,-3.56
Radford,20,13,74.0,70.1,3.85,-3.19,-4.09,1.61,-2.48,108.17,111.15,-2.98
Ohio,16,16,79.8,76.5,3.28,-4.26,3.01,-5.53,-2.52,105.26,109.04,-3.78
Pepperdine,13,22,73.1,76.6,-3.46,2.82,1.13,-3.69,-2.56,105.33,109.47,-4.14
Princeton,19,11,73.6,72.1,1.57,-2.22,-2.93,0.35,-2.58,104.18,107.99,-3.80
Sam Houston,13,19,75.3,76.0,-0.69,1.60,2.48,-5.06,-2.58,108.70,112.08,-3.37
Oakland,16,18,70.6,71.6,-1.00,-0.96,-3.54,0.85,-2.68,105.27,108.97,-3.70
Valparaiso,15,19,74.7,73.9,0.76,-0.07,0.23,-3.08,-2.85,105.87,109.55,-3.67
La Salle,14,19,72.0,74.7,-2.70,1.62,-1.20,-1.84,-3.04,103.26,107.27,-4.02
Hawaii,15,16,70.1,71.2,-1.13,-0.57,-4.00,0.88,-3.12,102.71,107.66,-4.96
Indiana State,14,18,80.1,79.5,0.56,-0.62,6.94,-10.06,-3.12,108.28,111.82,-3.54
Jacksonville,19,13,72.1,71.0,1.09,-3.27,-4.69,1.46,-3.23,100.46,104.63,-4.17
Eastern Kentucky,18,14,77.8,75.3,2.59,-3.94,1.87,-5.22,-3.34,107.74,112.42,-4.68
Drexel,18,15,70.4,66.9,3.48,-5.32,-6.55,3.21,-3.35,102.42,106.82,-4.41
Texas State,16,16,76.2,73.3,2.91,-3.67,0.72,-4.23,-3.50,107.42,112.16,-4.74
Idaho State,15,15,74.3,70.0,4.37,-3.68,-2.73,-0.87,-3.60,105.02,110.27,-5.25
Norfolk State,24,10,77.3,69.0,8.29,-7.48,-1.77,-1.84,-3.61,104.95,110.10,-5.16
Elon,17,15,73.6,69.8,3.84,-4.47,-3.36,-0.32,-3.67,105.83,110.84,-5.01
Fordham,12,21,74.3,78.0,-3.67,1.19,2.10,-5.94,-3.84,105.24,110.84,-5.60
Missouri State,9,23,68.0,70.9,-2.91,0.60,-5.73,1.86,-3.87,100.92,106.38,-5.45
Youngstown State,21,13,76.4,71.9,4.50,-4.99,-2.27,-1.60,-3.87,100.44,106.02,-5.58
Portland State,19,13,75.6,69.6,5.97,-4.90,-3.69,-0.35,-4.04,99.48,105.28,-5.80
Southeastern Louisiana,18,14,72.6,69.8,2.88,-4.71,-3.05,-0.99,-4.04,102.94,108.57,-5.64
Central Connecticut State,25,7,72.3,62.9,9.38,-10.88,-7.97,3.82,-4.15,98.33,103.99,-5.66
Northeastern,17,15,70.1,69.7,0.44,-4.76,-3.38,-0.95,-4.33,101.33,107.64,-6.31
Central Michigan,14,17,75.5,72.2,3.35,-2.64,-2.54,-1.80,-4.34,103.08,108.94,-5.86
South Carolina State,20,13,79.5,70.4,9.09,-8.78,-2.15,-2.21,-4.35,100.06,106.53,-6.47
Merrimack,18,15,65.6,64.2,1.39,-5.75,-9.24,4.89,-4.36,97.34,103.39,-6.05
Longwood,18,14,78.3,74.1,4.16,-4.83,-0.35,-4.06,-4.42,104.37,110.34,-5.97
Dartmouth,14,14,77.4,71.9,5.46,-5.16,-2.10,-2.37,-4.47,98.46,104.97,-6.51
Southeast Missouri State,21,12,74.0,67.0,6.97,-7.64,-2.97,-1.69,-4.67,100.78,107.35,-6.57
Hofstra,15,18,66.7,64.9,1.85,-3.62,-9.87,5.15,-4.72,96.47,103.42,-6.95
Queens (NC),19,14,76.6,74.1,2.48,-4.54,0.03,-4.79,-4.76,104.40,110.65,-6.25
Northern Kentucky,17,16,71.8,72.0,-0.18,-3.13,-4.37,-0.41,-4.78,101.92,109.21,-7.29
Richmond,10,22,66.8,71.9,-5.16,2.06,-5.49,0.61,-4.88,102.66,110.10,-7.44
Wright State,15,18,77.3,76.4,0.94,-3.80,1.17,-6.07,-4.90,107.41,113.94,-6.53
Brown,14,13,72.2,71.6,0.63,-3.98,-4.59,-0.31,-4.91,100.36,107.54,-7.18
Hampton,17,16,72.5,70.0,2.48,-3.72,-5.21,0.29,-4.92,102.05,108.61,-6.55
Northwestern State,16,16,67.1,68.9,-1.81,-1.42,-7.34,2.30,-5.05,100.72,108.14,-7.42
Bucknell,18,15,74.0,73.2,0.88,-5.94,-0.88,-4.18,-5.06,101.09,108.10,-7.01
Charlotte,11,22,70.5,74.5,-4.00,-0.29,-3.15,-1.95,-5.10,105.05,112.54,-7.48
UNC Asheville,21,11,82.2,76.6,5.63,-4.46,1.36,-6.46,-5.10,106.78,113.82,-7.03
Campbell,15,17,70.2,67.8,2.41,-4.73,-6.07,0.91,-5.16,100.85,108.26,-7.41
UT Arlington,13,18,74.3,74.8,-0.58,-2.50,0.18,-5.40,-5.22,105.63,112.80,-7.17
Fresno State,6,26,70.7,80.7,-10.00,4.77,1.12,-6.35,-5.23,101.10,107.65,-6.54
Kansas City,13,20,72.3,67.2,5.09,-2.69,-8.60,3.28,-5.32,99.51,106.93,-7.42
Cal State Bakersfield,14,19,73.8,73.6,0.12,-1.73,-2.39,-3.02,-5.41,104.99,112.67,-7.68
South Dakota,19,14,85.2,83.7,1.48,-3.23,9.02,-14.44,-5.43,107.61,115.22,-7.61
Abilene Christian,16,16,70.6,70.3,0.31,-2.01,-5.13,-0.33,-5.46,96.76,104.67,-7.91
Quinnipiac,20,13,73.9,71.5,2.45,-7.41,-0.62,-5.01,-5.63,100.32,108.24,-7.93
Tulsa,13,20,71.3,73.6,-2.36,-1.64,-4.18,-1.49,-5.68,100.68,108.72,-8.05
SIU Edwardsville,22,11,72.6,66.1,6.48,-8.47,-6.55,0.71,-5.83,99.04,106.97,-7.93
Delaware,16,20,77.2,77.9,-0.64,-3.89,3.43,-9.28,-5.86,107.22,115.98,-8.76
UC Davis,15,17,68.0,70.3,-2.31,-0.99,-7.89,2.00,-5.89,96.02,104.67,-8.65
Toledo,18,15,78.9,80.2,-1.27,-2.69,3.08,-9.02,-5.94,109.49,118.15,-8.67
William & Mary,17,15,77.7,76.4,1.31,-3.97,2.92,-8.89,-5.97,106.18,114.05,-7.87
Evansville,11,21,66.0,70.7,-4.69,0.34,-7.65,1.64,-6.01,96.56,105.15,-8.59
Northern Arizona,18,15,75.8,71.2,4.64,-5.43,-3.42,-2.60,-6.02,102.49,111.35,-8.85
Texas-Rio Grande Valley,16,15,76.7,74.0,2.71,-3.46,0.72,-6.84,-6.12,102.99,111.19,-8.19
Maine,20,14,70.9,66.1,4.74,-8.08,-7.69,1.43,-6.26,98.13,106.81,-8.68
Florida International,10,23,69.2,72.1,-2.88,-1.35,-5.56,-0.85,-6.41,94.96,104.28,-9.32
Incarnate Word,17,16,72.9,68.9,4.03,-5.42,-4.85,-1.61,-6.46,103.93,113.21,-9.28
Presbyterian,14,18,74.3,70.7,3.63,-4.34,-5.74,-0.73,-6.48,102.71,112.00,-9.29
Little Rock,19,14,69.3,67.2,2.06,-7.51,-7.80,1.10,-6.70,97.17,106.07,-8.89
Southern,20,12,74.8,68.3,6.50,-7.79,-5.95,-0.77,-6.72,96.32,105.38,-9.05
Pacific,9,24,69.5,75.8,-6.21,2.37,-4.46,-2.37,-6.82,100.84,110.68,-9.84
American,22,12,68.6,67.3,1.38,-6.53,-7.83,0.83,-7.00,101.05,111.12,-10.08
North Dakota,12,21,77.3,79.5,-2.24,-1.17,1.07,-8.14,-7.07,106.09,115.95,-9.86
Portland,12,20,72.9,80.4,-7.50,2.39,0.20,-7.28,-7.08,103.66,113.47,-9.81
Siena,14,18,72.2,72.1,0.13,-7.24,-3.65,-3.47,-7.12,100.94,111.48,-10.54
Manhattan,17,13,76.0,74.5,1.50,-8.20,0.40,-7.64,-7.24,105.24,115.61,-10.38
Massachusetts-Lowell,17,15,79.5,74.1,5.38,-7.28,1.06,-8.37,-7.32,106.24,116.45,-10.21
Georgia State,14,19,75.1,78.3,-3.15,-2.85,0.20,-7.55,-7.35,104.25,114.48,-10.23
Georgia Southern,17,16,74.2,75.9,-1.70,-5.31,-1.13,-6.24,-7.37,99.64,110.09,-10.44
Colgate,14,19,72.1,72.4,-0.27,-6.14,-3.30,-4.16,-7.46,102.33,113.60,-11.27
Harvard,12,15,68.4,72.0,-3.59,-3.60,-6.60,-0.96,-7.56,99.12,110.35,-11.24
Idaho,14,19,73.6,75.5,-1.91,-3.06,-1.67,-5.91,-7.58,105.49,116.74,-11.26
Air Force,4,28,61.9,73.7,-11.72,3.98,-8.44,0.70,-7.74,99.05,111.04,-12.00
Ball State,14,17,75.4,74.2,1.16,-6.29,-3.68,-4.08,-7.75,102.54,113.66,-11.11
Vermont,21,12,66.6,63.8,2.82,-7.32,-12.46,4.68,-7.77,96.54,107.50,-10.96
Mount St. Mary's,22,12,70.4,69.8,0.56,-7.27,-5.56,-2.22,-7.78,97.51,108.73,-11.22
Tennessee State,17,16,78.1,73.3,4.82,-8.55,0.09,-7.94,-7.85,100.69,111.45,-10.76
Monmouth,13,20,70.3,75.4,-5.03,-2.84,-3.04,-4.82,-7.87,101.79,112.80,-11.01
Gardner-Webb,11,20,73.8,78.1,-4.35,-3.61,-2.29,-5.68,-7.96,100.86,112.12,-11.26
North Florida,15,17,82.8,84.8,-1.91,-3.25,6.27,-14.26,-7.99,107.04,117.87,-10.82
San Diego,6,27,70.1,79.7,-9.55,1.95,-1.71,-6.34,-8.05,99.31,110.19,-10.88
Stephen F. Austin,14,17,66.6,68.3,-1.71,-3.41,-8.32,0.20,-8.12,93.37,104.87,-11.50
Houston Christian,12,20,66.0,69.4,-3.41,-2.98,-8.45,0.28,-8.18,98.61,110.93,-12.31
Iona,17,17,69.7,70.5,-0.79,-7.50,-6.09,-2.20,-8.29,96.13,107.80,-11.67
Mercer,14,19,76.1,75.3,0.79,-5.02,-1.79,-6.55,-8.34,97.85,109.17,-11.32
Eastern Washington,10,22,71.3,75.5,-4.13,-1.68,-4.57,-3.85,-8.42,100.57,113.08,-12.51
Marist,20,10,66.0,64.5,1.50,-10.18,-10.64,1.97,-8.68,95.06,107.82,-12.77
Sacred Heart,15,18,75.8,75.2,0.64,-8.13,-0.23,-8.49,-8.72,101.43,113.93,-12.51
Columbia,12,15,78.4,78.1,0.30,-5.45,1.59,-10.51,-8.93,104.07,116.53,-12.46
Eastern Michigan,16,16,73.6,76.5,-2.94,-5.29,-2.93,-6.20,-9.12,102.04,114.98,-12.93
Austin Peay,14,19,71.6,74.9,-3.33,-3.43,-5.94,-3.19,-9.13,99.48,112.21,-12.73
Jackson State,16,18,71.4,74.6,-3.15,-5.99,-4.54,-4.60,-9.14,98.03,110.11,-12.07
Alabama State,19,15,73.4,72.2,1.21,-8.92,-4.58,-4.64,-9.22,98.96,111.67,-12.72
Weber State,12,22,71.9,71.9,0.00,-2.80,-6.33,-2.95,-9.28,99.79,113.54,-13.75
Bowling Green State,14,18,73.5,73.9,-0.44,-5.94,-4.69,-4.69,-9.37,97.42,110.34,-12.92
Western Michigan,12,20,72.1,76.0,-3.97,-4.03,-4.37,-5.05,-9.42,99.94,113.23,-13.29
Albany (NY),17,16,74.6,73.8,0.79,-8.24,-3.05,-6.38,-9.43,101.06,114.39,-13.33
Old Dominion,15,20,67.9,71.5,-3.60,-4.09,-6.99,-2.55,-9.54,97.99,111.29,-13.30
Navy,15,19,70.8,70.4,0.41,-8.47,-5.50,-4.09,-9.59,99.57,113.44,-13.87
Long Beach State,7,25,67.3,74.2,-6.94,-0.04,-7.59,-2.22,-9.81,99.35,114.02,-14.67
Southern Mississippi,11,22,71.3,76.0,-4.70,-3.26,-3.74,-6.11,-9.84,95.66,109.16,-13.50
Utah Tech,7,26,69.8,76.0,-6.15,-1.23,-4.44,-5.44,-9.88,99.87,113.54,-13.66
Lafayette,13,20,68.5,68.9,-0.39,-8.04,-8.25,-1.64,-9.89,96.17,110.25,-14.08
Tarleton State,12,20,63.3,69.6,-6.31,0.05,-12.78,2.83,-9.95,91.98,106.33,-14.35
Bethune-Cookman,17,16,68.6,72.2,-3.52,-6.49,-6.62,-3.38,-10.00,95.43,109.64,-14.21
Lehigh,11,19,70.3,71.4,-1.10,-6.45,-6.01,-4.01,-10.02,97.84,112.96,-15.12
Denver,11,21,72.4,77.6,-5.22,-2.65,-6.16,-3.87,-10.03,97.46,111.78,-14.32
Texas Southern,15,17,72.7,72.1,0.56,-8.00,-6.14,-3.89,-10.03,93.64,107.22,-13.59
Pennsylvania,8,19,69.6,77.4,-7.81,-2.43,-3.96,-6.29,-10.25,100.25,115.20,-14.95
Southern Utah,12,19,69.8,73.7,-3.94,-1.75,-6.17,-4.08,-10.25,95.80,109.80,-14.00
Saint Peter's,12,16,66.0,65.8,0.21,-8.17,-12.78,2.43,-10.35,92.49,107.75,-15.26
Louisiana,12,21,65.4,73.0,-7.61,-2.26,-7.93,-2.71,-10.63,96.55,111.95,-15.40
Long Island University,17,16,67.7,65.3,2.39,-9.69,-11.33,0.65,-10.69,92.55,107.18,-14.63
Boston University,16,16,67.1,68.5,-1.34,-8.14,-10.64,-0.11,-10.75,95.85,111.71,-15.86
Charleston Southern,10,22,72.1,78.2,-6.13,-2.14,-5.61,-5.20,-10.81,96.93,111.83,-14.90
Tennessee Tech,15,17,72.1,74.1,-1.97,-7.58,-4.94,-5.91,-10.85,98.16,113.63,-15.46
Tennessee-Martin,14,19,74.4,71.9,2.48,-7.97,-5.32,-5.65,-10.97,98.74,114.63,-15.89
VMI,15,19,73.3,73.1,0.15,-4.74,-5.74,-5.37,-11.11,97.96,113.78,-15.82
Maryland-Baltimore County,13,19,80.0,78.8,1.16,-7.88,1.78,-13.01,-11.23,103.42,119.41,-15.99
Oral Roberts,7,23,73.3,78.5,-5.20,-0.48,-3.36,-8.04,-11.40,101.41,117.96,-16.54
IU Indy,10,22,75.1,76.8,-1.75,-4.22,-2.83,-8.67,-11.50,107.10,123.95,-16.86
Loyola (MD),12,19,69.2,71.1,-1.94,-8.20,-7.34,-4.23,-11.56,97.65,114.49,-16.84
FDU,13,20,73.7,73.2,0.48,-7.83,-4.43,-7.29,-11.73,96.44,113.01,-16.57
Howard,12,20,77.5,79.3,-1.81,-6.61,-0.93,-10.83,-11.76,101.75,118.31,-16.55
Rider,14,19,67.0,71.8,-4.82,-6.99,-8.39,-3.43,-11.81,98.99,116.77,-17.77
Delaware State,16,14,78.7,74.3,4.37,-8.79,-2.39,-9.60,-11.98,97.97,114.95,-16.97
Coastal Carolina,10,22,66.8,71.1,-4.34,-5.82,-9.67,-2.36,-12.02,99.02,116.98,-17.95
Holy Cross,13,19,69.6,72.1,-2.50,-7.08,-6.44,-5.81,-12.25,99.53,117.64,-18.11
Grambling,12,22,66.8,67.7,-0.88,-7.45,-12.76,0.44,-12.32,93.85,111.21,-17.36
East Texas A&M,5,26,64.4,74.9,-10.52,-1.86,-8.61,-3.76,-12.38,94.00,111.70,-17.70
Eastern Illinois,12,19,66.5,69.0,-2.52,-5.70,-11.62,-0.80,-12.41,91.22,108.97,-17.75
Army,16,15,73.2,75.1,-1.90,-7.25,-4.31,-8.15,-12.45,97.83,115.84,-18.01
Niagara,11,20,68.5,71.4,-2.97,-8.29,-7.64,-4.88,-12.52,98.67,117.20,-18.54
Saint Francis (PA),16,17,71.1,71.6,-0.48,-7.05,-5.73,-6.79,-12.52,97.17,115.16,-17.99
North Carolina Central,14,19,78.8,75.8,3.00,-7.81,-3.98,-8.69,-12.67,100.49,118.60,-18.11
Stonehill,15,17,68.7,70.1,-1.38,-9.29,-9.10,-3.75,-12.86,98.11,116.83,-18.72
North Carolina A&T,7,25,69.2,76.2,-7.06,-4.02,-5.72,-7.27,-12.99,95.38,113.87,-18.49
Lindenwood,16,17,71.2,71.3,-0.18,-7.10,-7.36,-5.64,-13.00,91.30,109.90,-18.60
Florida A&M,14,17,72.1,75.3,-3.19,-5.79,-6.07,-7.06,-13.13,98.56,116.91,-18.35
Binghamton,15,17,69.8,71.5,-1.69,-8.84,-8.58,-4.64,-13.21,95.57,114.84,-19.27
Green Bay,4,28,69.9,80.3,-10.41,-2.54,-3.69,-9.53,-13.22,98.94,117.89,-18.95
Detroit Mercy,8,24,67.1,75.9,-8.81,-3.06,-8.61,-4.81,-13.41,92.75,112.30,-19.55
Morehead State,15,17,66.1,68.7,-2.59,-7.36,-11.72,-1.78,-13.50,95.01,114.09,-19.08
Stony Brook,8,24,66.5,74.1,-7.63,-4.14,-8.25,-5.31,-13.56,99.18,119.18,-20.00
Southern Indiana,10,20,71.5,73.5,-2.00,-8.19,-7.20,-6.46,-13.66,96.10,115.92,-19.82
Sacramento State,7,25,66.2,70.5,-4.31,-3.65,-11.25,-2.43,-13.69,93.44,113.94,-20.50
Alcorn State,11,21,65.0,72.1,-7.06,-6.68,-10.87,-2.90,-13.77,95.24,114.69,-19.45
Fairfield,12,20,67.5,72.6,-5.09,-7.38,-8.74,-5.48,-14.22,95.83,116.64,-20.81
Central Arkansas,9,24,70.2,78.1,-7.88,-3.78,-7.12,-7.53,-14.65,95.18,116.11,-20.93
Bellarmine,5,26,72.6,80.1,-7.48,-4.35,-4.39,-10.34,-14.73,102.60,124.09,-21.49
Morgan State,14,18,80.0,80.8,-0.78,-8.31,-1.18,-13.70,-14.88,98.31,119.01,-20.70
Buffalo,9,22,71.8,80.9,-9.10,-3.69,-5.58,-9.35,-14.93,94.37,114.98,-20.61
Louisiana-Monroe,7,25,68.9,75.5,-6.63,-4.20,-7.94,-7.06,-15.00,94.34,115.89,-21.55
Western Illinois,12,19,68.7,71.3,-2.61,-8.34,-9.57,-5.48,-15.05,97.07,119.18,-22.11
West Georgia,6,25,69.0,78.3,-9.23,-4.00,-7.98,-7.08,-15.07,95.19,116.51,-21.32
New Orleans,4,27,67.9,82.5,-14.55,-0.60,-4.24,-10.91,-15.15,96.43,117.66,-21.23
Mercyhurst,15,16,67.9,69.9,-2.00,-9.38,-9.91,-5.43,-15.34,96.44,119.46,-23.02
South Carolina Upstate,6,26,74.8,83.5,-8.75,-2.48,-2.03,-13.42,-15.44,96.52,117.12,-20.60
Cal State Fullerton,6,26,63.3,77.3,-14.09,0.88,-9.81,-5.64,-15.45,91.98,113.78,-21.80
Wagner,14,16,62.5,60.6,1.87,-9.99,-18.84,3.39,-15.45,88.77,112.08,-23.31
Western Carolina,8,22,69.7,79.0,-9.37,-2.22,-7.01,-8.70,-15.71,91.66,112.93,-21.27
Stetson,8,24,71.7,81.5,-9.84,-4.20,-6.30,-9.89,-16.20,96.76,119.60,-22.85
Northern Illinois,6,25,70.9,76.9,-5.94,-4.37,-8.41,-8.04,-16.44,91.06,113.80,-22.75
Le Moyne,9,23,74.1,80.2,-6.09,-8.06,-3.09,-14.43,-17.52,98.63,124.07,-25.44
NJIT,6,25,65.3,73.2,-7.94,-7.56,-12.27,-5.35,-17.62,90.24,116.07,-25.83
The Citadel,5,25,66.6,75.0,-8.47,-4.40,-12.55,-5.73,-18.29,92.44,119.34,-26.90
Canisius,3,28,64.8,78.6,-13.84,-5.15,-8.75,-10.23,-18.98,96.62,124.76,-28.15
Prairie View,5,27,71.4,82.4,-10.97,-7.11,-5.79,-13.32,-19.11,94.86,121.24,-26.38
New Hampshire,8,24,66.4,76.6,-10.19,-7.17,-11.44,-8.06,-19.50,89.81,117.41,-27.60
Alabama A&M,10,22,73.0,78.8,-5.75,-9.76,-7.96,-12.39,-20.34,89.06,117.76,-28.70
Maryland-Eastern Shore,6,25,67.4,77.7,-10.32,-4.28,-12.46,-8.01,-20.47,91.55,120.53,-28.98
Chicago State,4,28,62.5,78.7,-16.16,-4.62,-11.90,-8.87,-20.77,87.71,116.92,-29.21
Coppin State,6,24,62.2,76.4,-14.17,-5.43,-14.54,-6.44,-20.98,84.79,114.85,-30.06
Arkansas-Pine Bluff,6,25,72.3,83.9,-11.61,-8.21,-6.38,-17.72,-24.10,92.40,124.69,-32.29
Mississippi Valley State,3,28,54.1,80.8,-26.71,-4.46,-22.51,-11.78,-34.29,77.65,128.23,-50.58