School,G,SRS,SOS,Tm.,Opp.,FG,FGA,FG%,3P,3PA,3P%,FT,FTA,FT%,ORB,TRB,AST,STL,BLK,TOV,PF
Abilene Christian,32,-5.46,-2.01,70.6,70.3,25.6,57.7,.444,4.56,15.1,.302,14.9,20.8,.715,11.1,33.8,13.2,10.3,2.94,14.9,20.9
Air Force,32,-7.74,3.98,61.9,73.7,21.3,50.5,.421,8.09,24.5,.331,11.3,17.9,.635,7.38,29.9,13.4,5.66,2.84,13.5,17.8
Akron,34,3.55,-4.51,84.6,74.5,30.6,64.6,.473,10.9,29.8,.364,12.6,16.8,.753,12.1,39.0,18.1,7.71,3.74,12.0,17.9
Alabama,33,25.97,16.27,91.1,81.4,31.1,64.4,.483,10.4,29.8,.350,18.5,25.8,.716,12.9,43.1,16.8,6.06,4.45,12.8,19.0
Alabama A&M,32,-20.34,-9.76,73.0,78.8,24.8,61.4,.404,8.03,25.2,.318,15.3,23.1,.664,14.0,36.6,13.5,8.31,4.09,16.0,21.5
Alabama State,34,-9.22,-8.92,73.4,72.2,25.7,63.5,.405,8.97,27.2,.330,13.1,18.9,.692,11.7,36.2,11.8,7.82,2.85,9.15,18.2
Albany (NY),33,-9.43,-8.24,74.6,73.8,27.3,61.9,.441,7.21,22.3,.323,12.8,17.9,.716,11.9,33.8,12.5,8.27,2.33,10.8,17.4
Alcorn State,32,-13.77,-6.68,65.0,72.1,23.6,57.3,.411,5.34,16.8,.318,12.6,17.5,.717,11.8,34.0,10.3,6.59,2.69,13.1,17.0
American,34,-7.00,-6.53,68.6,67.3,23.9,54.0,.443,8.41,24.2,.347,12.4,16.4,.756,7.71,30.3,12.5,6.62,1.85,11.1,17.9
Appalachian State,31,-2.45,-3.70,67.8,63.5,23.8,54.6,.436,7.74,22.5,.344,12.5,19.1,.651,9.81,36.9,12.5,5.52,3.68,10.8,13.4
Arizona,34,23.14,13.84,81.7,72.4,28.7,60.8,.473,6.82,21.1,.324,17.4,22.2,.784,12.2,39.6,16.3,7.71,4.29,11.5,16.6
Arizona State,32,11.20,13.73,73.9,76.5,25.1,57.4,.438,8.78,24.6,.358,14.9,20.6,.724,8.81,34.2,12.9,5.38,4.44,12.3,17.0
Arkansas,33,16.64,11.19,76.6,71.2,27.2,58.2,.466,7.12,21.4,.333,15.2,20.7,.734,9.21,35.3,14.5,7.61,5.64,11.7,16.1
Arkansas State,34,5.23,-2.77,79.2,70.1,27.1,63.9,.424,9.26,28.9,.321,15.7,21.5,.730,13.4,40.9,14.1,7.32,4.59,10.7,18.4
Arkansas-Pine Bluff,31,-24.10,-8.21,72.3,83.9,26.9,59.3,.454,7.26,22.5,.323,11.3,19.0,.593,9.87,34.0,14.6,7.10,2.13,14.5,19.0
Army,31,-12.45,-7.25,73.2,75.1,27.2,61.6,.441,8.16,26.0,.314,10.7,15.6,.685,10.1,34.9,14.1,6.68,2.19,10.3,15.5
Auburn,33,29.58,15.34,83.8,69.6,29.7,61.5,.483,9.18,25.0,.368,15.3,20.6,.740,11.7,37.1,16.5,6.97,6.18,9.24,18.6
Austin Peay,33,-9.13,-3.43,71.6,74.9,25.3,60.0,.422,8.48,24.5,.346,12.4,17.3,.719,9.88,32.9,12.6,6.94,2.64,9.91,17.8
Ball State,31,-7.75,-6.29,75.4,74.2,25.2,55.4,.455,7.13,20.7,.345,17.8,25.3,.704,9.42,35.5,13.1,4.97,2.16,11.7,16.4
Baylor,33,19.43,13.59,76.5,69.2,27.1,60.5,.448,8.48,24.2,.351,13.8,18.5,.745,12.7,36.0,14.6,7.64,2.88,11.0,16.3
Bellarmine,31,-14.73,-4.35,72.6,80.1,26.3,56.2,.467,9.06,25.0,.362,11.1,14.3,.773,6.61,29.3,14.2,6.35,1.71,12.0,16.8
Belmont,33,2.05,-0.01,79.3,76.6,28.6,61.6,.465,10.5,27.4,.383,11.5,16.1,.719,9.61,34.6,17.2,6.94,3.15,11.2,15.6
Bethune-Cookman,33,-10.00,-6.49,68.6,72.2,24.2,56.7,.428,6.12,19.2,.319,14.0,20.3,.690,10.1,35.6,12.8,6.67,3.67,13.6,16.1
Binghamton,32,-13.21,-8.84,69.8,71.5,25.0,54.2,.461,7.09,19.8,.359,12.6,18.2,.693,8.88,35.9,13.0,4.78,3.00,13.5,16.4
Boise State,34,13.89,5.86,74.9,66.1,25.4,55.2,.459,7.29,23.5,.310,16.8,21.6,.777,10.6,36.3,14.3,5.35,2.65,11.1,16.1
Boston College,31,0.12,5.50,70.4,75.8,25.3,58.4,.432,6.65,19.3,.345,13.2,18.4,.719,10.3,34.4,11.5,5.23,3.90,11.9,18.4
Boston University,32,-10.75,-8.14,67.1,68.5,24.0,54.8,.438,7.81,23.1,.338,11.3,17.1,.663,10.9,35.1,11.9,6.06,2.59,13.2,16.1
Bowling Green State,32,-9.37,-5.94,73.5,73.9,25.5,58.0,.439,7.97,23.3,.342,14.6,19.6,.746,9.28,34.4,11.2,7.25,3.19,12.3,17.4
Bradley,34,6.25,-0.02,76.8,68.8,27.0,55.8,.484,9.59,23.9,.401,13.2,17.5,.755,8.32,34.4,14.5,6.65,3.76,11.5,16.7
Brigham Young,33,19.82,9.72,81.0,70.9,28.8,59.7,.482,10.7,28.8,.371,12.7,18.0,.705,11.1,37.5,17.2,7.15,3.15,12.1,16.1
Brown,27,-4.91,-3.98,72.2,71.6,26.8,59.7,.448,8.19,24.4,.335,10.5,16.6,.632,11.0,36.3,14.7,5.93,5.26,11.6,15.7
Bryant,34,-1.66,-7.54,82.4,73.9,30.2,65.7,.460,7.82,23.2,.337,14.1,19.6,.717,13.4,41.5,15.0,6.71,6.03,12.0,15.6
Bucknell,33,-5.06,-5.94,74.0,73.2,26.1,56.1,.466,8.12,23.0,.353,13.7,20.6,.664,8.52,33.8,13.6,6.64,3.21,13.1,17.8
Buffalo,31,-14.93,-3.69,71.8,80.9,25.0,58.7,.426,7.84,25.8,.304,13.9,19.9,.700,9.23,34.5,13.5,6.74,3.52,14.5,16.7
Butler,33,10.34,10.31,73.8,73.8,25.2,55.2,.456,8.27,22.6,.366,15.3,20.6,.742,8.58,35.0,14.0,4.06,2.82,11.1,13.5
Cal Poly,35,-1.93,-0.14,82.1,82.9,28.9,62.5,.462,11.5,31.8,.362,12.8,16.7,.766,10.1,34.9,15.3,7.86,2.14,15.7,18.0
Cal State Bakersfield,33,-5.41,-1.73,73.8,73.6,25.8,58.9,.438,6.61,17.4,.380,15.6,20.2,.772,12.8,35.5,10.1,6.82,2.79,12.6,20.3
Cal State Fullerton,32,-15.45,0.88,63.3,77.3,21.3,53.2,.402,4.88,18.0,.271,15.7,21.2,.742,9.47,33.3,9.00,5.31,1.94,14.8,17.8
Cal State Northridge,32,2.67,-3.26,80.6,72.5,28.9,61.7,.468,6.72,19.3,.348,16.2,22.2,.729,12.9,40.3,16.6,7.75,2.94,13.8,20.6
California,33,5.86,7.07,75.6,76.8,25.4,60.7,.419,7.21,22.9,.315,17.6,23.6,.746,13.4,37.5,10.5,6.30,3.70,11.6,16.5
California Baptist,32,-0.71,-1.93,71.3,70.0,25.6,59.8,.427,6.66,21.0,.317,13.5,17.8,.757,12.0,36.0,11.7,6.63,2.69,12.1,17.2
Campbell,32,-5.16,-4.73,70.2,67.8,24.8,56.4,.439,7.50,23.3,.322,13.2,17.1,.771,8.25,31.8,13.4,6.88,3.06,10.5,16.1
Canisius,31,-18.98,-5.15,64.8,78.6,23.5,54.0,.436,8.19,22.3,.367,9.55,12.6,.759,5.81,25.9,11.2,6.16,2.42,12.3,16.0
Central Arkansas,33,-14.65,-3.78,70.2,78.1,24.8,60.5,.410,8.58,29.2,.294,12.2,16.9,.719,11.2,35.8,13.7,7.33,2.36,12.4,13.6
Central Connecticut State,32,-4.15,-10.88,72.3,62.9,27.2,57.1,.476,7.06,20.4,.346,10.8,14.6,.742,8.53,35.5,14.3,7.56,4.19,11.3,11.3
Central Michigan,31,-4.34,-2.64,75.5,72.2,26.9,58.3,.462,6.39,19.7,.325,15.3,21.1,.722,10.7,36.1,13.5,7.35,2.90,12.3,16.5
Charleston Southern,32,-10.81,-2.14,72.1,78.2,24.0,56.5,.425,7.28,24.0,.304,16.8,25.3,.662,11.8,37.1,11.5,4.72,2.75,13.5,17.4
Charlotte,33,-5.10,-0.29,70.5,74.5,23.1,54.8,.421,7.00,22.6,.310,17.4,23.3,.749,8.82,31.4,12.3,5.09,2.18,9.97,17.4
Chattanooga,33,0.99,-4.17,78.8,72.0,27.8,58.0,.480,9.67,26.5,.364,13.5,17.6,.767,8.24,33.2,16.8,6.82,2.97,10.3,16.1
Chicago State,32,-20.77,-4.62,62.5,78.7,22.2,58.1,.382,7.25,23.7,.306,11.0,15.6,.705,8.53,30.7,10.8,7.34,3.56,12.9,19.0
Cincinnati,33,14.59,9.78,70.5,65.7,26.9,60.1,.448,7.33,22.9,.320,9.39,14.1,.668,11.2,34.5,13.7,7.33,4.39,10.2,13.9
Clemson,33,18.51,7.84,76.3,65.7,27.5,59.2,.465,8.45,22.8,.372,12.8,16.7,.766,11.2,35.3,14.4,7.48,3.61,10.5,15.2
Cleveland State,33,-1.87,-4.04,72.8,66.0,26.7,59.2,.450,6.48,19.4,.334,13.0,18.0,.723,12.2,34.3,13.9,8.73,4.73,11.8,17.9
Coastal Carolina,32,-12.02,-5.82,66.8,71.1,23.1,54.0,.428,7.47,21.5,.347,13.0,18.6,.702,10.0,36.6,11.5,3.28,1.66,11.9,17.7
Colgate,33,-7.46,-6.14,72.1,72.4,26.9,57.5,.468,8.70,24.4,.356,9.58,13.1,.730,7.76,32.3,14.2,6.39,2.42,11.3,14.9
College of Charleston,33,-0.31,-3.09,77.2,73.8,27.0,59.5,.455,8.36,23.7,.353,14.8,20.7,.716,9.30,36.0,15.9,6.48,2.30,11.4,15.5
Colorado,34,10.53,12.09,69.9,71.5,24.2,54.4,.446,6.53,20.3,.322,14.9,19.8,.754,9.38,35.0,14.1,7.06,3.91,14.4,16.8
Colorado State,34,13.92,5.77,75.2,67.1,26.5,55.2,.479,8.65,23.6,.366,13.6,17.5,.775,8.12,34.8,16.6,5.12,2.76,11.6,17.4
Columbia,27,-8.93,-5.45,78.4,78.1,28.6,61.3,.466,8.22,24.4,.337,13.1,17.8,.735,9.59,34.8,17.4,7.78,2.11,10.9,15.4
Connecticut,33,17.84,8.48,77.4,68.0,27.5,57.2,.480,8.64,24.4,.354,13.8,17.5,.791,11.1,35.6,17.6,5.30,6.36,11.2,18.0
Coppin State,30,-20.98,-5.43,62.2,76.4,21.8,54.8,.397,5.17,17.6,.294,13.5,19.9,.681,9.67,30.6,11.2,8.13,1.90,14.9,17.3
Cornell,28,1.16,-3.92,85.1,77.1,30.6,61.4,.499,11.2,29.9,.375,12.7,16.9,.749,9.07,35.2,19.3,6.46,3.29,12.0,16.3
Creighton,34,16.36,10.66,75.2,69.5,27.0,56.8,.475,9.44,27.9,.339,11.9,16.2,.733,8.62,37.7,17.1,3.71,4.56,12.3,10.9
Dartmouth,28,-4.47,-5.16,77.4,71.9,26.7,61.1,.437,10.1,28.8,.352,13.8,18.6,.742,8.93,37.9,15.8,5.14,3.07,11.5,14.9
Davidson,33,1.55,0.98,72.5,70.7,26.0,57.3,.454,8.06,23.8,.338,12.4,16.6,.746,8.09,33.2,14.9,5.70,2.52,9.64,14.8
Dayton,32,9.29,4.67,75.2,70.1,25.6,56.1,.456,8.06,22.7,.355,15.9,21.4,.746,9.78,34.4,15.2,7.09,3.47,10.5,15.6
Delaware,36,-5.86,-3.89,77.2,77.9,27.4,57.8,.475,8.78,23.6,.372,13.6,17.3,.782,7.42,32.0,14.2,6.39,3.00,11.8,16.6
Delaware State,30,-11.98,-8.79,78.7,74.3,29.0,63.0,.461,5.17,14.0,.369,15.4,21.3,.723,13.3,37.4,14.0,8.63,2.60,12.6,18.2
Denver,32,-10.03,-2.65,72.4,77.6,25.6,57.0,.449,7.25,20.9,.347,13.9,18.8,.740,8.81,30.8,11.5,6.84,2.53,12.7,22.4
DePaul,33,5.99,7.41,72.8,74.2,26.1,58.4,.447,9.36,27.1,.346,11.3,16.0,.706,9.27,34.5,15.7,6.12,3.64,12.3,16.5
Detroit Mercy,32,-13.41,-3.06,67.1,75.9,24.4,59.3,.412,5.63,17.1,.330,12.6,17.2,.735,12.0,37.7,10.8,5.78,2.47,13.0,18.9
Drake,33,9.04,0.07,70.1,58.4,24.2,50.3,.481,6.64,18.7,.355,15.1,21.4,.705,10.3,31.0,13.3,9.03,2.42,11.2,15.7
Drexel,33,-3.35,-5.32,70.4,66.9,26.4,57.5,.458,7.70,21.4,.360,9.94,14.2,.699,11.0,36.8,13.0,4.88,4.55,12.2,14.7
Duke,34,30.32,9.52,82.7,61.9,28.9,59.1,.488,10.1,26.8,.377,14.9,19.0,.784,11.2,38.6,16.8,6.94,3.79,9.59,15.9
Duquesne,32,1.81,1.52,69.1,67.3,24.8,57.4,.433,8.38,24.6,.341,11.1,17.0,.651,11.7,34.1,13.8,7.09,4.25,12.1,17.6
East Carolina,33,-0.41,-0.54,75.8,73.8,26.6,61.1,.436,6.73,21.3,.316,15.8,22.0,.720,12.9,37.2,13.3,7.55,4.52,10.9,15.6
East Tennessee State,32,-0.92,-5.05,71.9,66.5,25.5,58.8,.434,8.47,24.3,.348,12.5,18.9,.661,12.6,37.1,13.0,8.03,3.78,10.8,16.3
East Texas A&M,31,-12.38,-1.86,64.4,74.9,23.0,55.3,.416,8.39,26.7,.314,9.97,15.5,.644,9.81,30.6,14.2,8.39,3.94,15.3,16.8
Eastern Illinois,31,-12.41,-5.70,66.5,69.0,23.9,58.1,.412,5.35,16.8,.319,13.3,19.6,.678,11.5,35.3,11.3,8.97,2.74,12.5,18.6
Eastern Kentucky,32,-3.34,-3.94,77.8,75.3,27.6,65.0,.424,9.56,27.6,.346,13.1,17.5,.750,13.5,37.0,13.0,8.63,3.50,9.84,16.7
Eastern Michigan,32,-9.12,-5.29,73.6,76.5,26.0,56.6,.460,7.53,21.6,.349,14.0,19.0,.737,10.0,32.6,12.5,6.97,3.41,13.0,18.0
Eastern Washington,32,-8.42,-1.68,71.3,75.5,25.6,56.0,.456,6.75,20.8,.325,13.5,17.3,.778,8.53,30.1,13.7,7.53,3.13,12.5,18.2
Elon,32,-3.67,-4.47,73.6,69.8,24.8,56.3,.441,7.81,23.9,.326,16.1,21.6,.746,12.8,39.8,12.2,5.22,4.09,12.5,13.3
Evansville,32,-6.01,0.34,66.0,70.7,23.8,55.0,.433,6.81,22.5,.303,11.7,16.7,.697,7.66,32.9,12.6,6.00,4.38,11.8,16.5
Fairfield,32,-14.22,-7.38,67.5,72.6,24.5,60.2,.407,7.19,22.8,.316,11.3,15.6,.726,11.0,32.9,12.6,6.81,3.00,10.3,16.3
FDU,33,-11.73,-7.83,73.7,73.2,25.7,59.0,.436,8.33,24.8,.336,13.9,19.5,.711,9.73,33.9,13.6,6.94,2.70,11.7,16.1
Florida,33,27.82,11.43,85.4,69.0,30.4,64.1,.474,9.94,27.9,.356,14.7,20.6,.711,13.8,42.1,16.0,7.79,4.79,10.7,17.0
Florida A&M,31,-13.13,-5.79,72.1,75.3,24.5,55.5,.440,9.00,26.0,.346,14.2,19.9,.713,9.55,34.1,12.6,5.23,3.23,13.7,17.7
Florida Atlantic,33,4.09,2.06,78.7,75.2,28.1,60.7,.462,8.70,24.8,.351,13.9,19.9,.698,11.2,37.1,16.1,6.30,4.39,11.4,17.3
Florida Gulf Coast,32,-2.02,-4.31,72.5,69.8,27.6,58.6,.471,8.03,22.6,.355,9.31,13.5,.690,9.84,35.2,14.1,5.59,2.34,10.6,14.7
Florida International,33,-6.41,-1.35,69.2,72.1,24.9,58.5,.425,5.09,17.7,.287,14.4,20.4,.707,11.5,35.1,12.2,9.00,4.64,13.7,17.0
Florida State,32,8.81,6.81,74.5,72.5,26.1,57.4,.454,6.13,19.3,.317,16.2,22.6,.717,10.2,34.6,13.0,7.59,4.75,12.3,19.1
Fordham,33,-3.84,1.19,74.3,78.0,25.8,60.8,.423,8.24,25.3,.325,14.5,20.2,.719,12.1,36.3,13.7,7.58,3.48,13.2,18.7
Fresno State,32,-5.23,4.77,70.7,80.7,24.4,60.2,.406,6.66,21.3,.313,15.2,21.9,.692,10.6,34.8,10.8,7.56,3.22,12.9,15.4
Furman,34,0.06,-3.52,77.6,69.6,26.5,57.9,.457,10.9,29.6,.367,13.7,19.9,.688,10.5,36.5,17.1,6.62,3.35,11.2,15.0
Gardner-Webb,31,-7.96,-3.61,73.8,78.1,26.6,57.3,.464,6.26,19.0,.330,14.4,20.7,.692,11.5,36.4,10.5,5.19,3.26,14.6,18.8
George Mason,33,7.65,0.80,71.2,63.2,24.3,53.1,.459,6.79,19.3,.352,15.7,22.1,.712,10.1,36.9,12.6,7.33,3.42,13.1,16.4
George Washington,33,3.06,-1.69,73.6,67.8,25.2,56.3,.447,7.42,23.4,.317,15.8,22.6,.700,11.0,35.1,14.0,8.94,3.09,12.3,15.1
Georgetown,32,8.71,5.87,71.7,68.8,26.8,60.2,.445,7.16,22.5,.318,10.9,15.5,.706,11.1,35.2,14.3,7.94,3.81,11.7,15.6
Georgia,32,17.23,10.98,75.6,69.3,26.2,56.6,.464,6.97,20.8,.335,16.2,22.5,.717,11.8,36.6,12.5,7.72,5.19,12.9,16.7
Georgia Southern,33,-7.37,-5.31,74.2,75.9,26.9,62.5,.430,9.48,27.6,.343,11.0,16.7,.658,12.8,37.4,13.6,7.88,3.73,13.5,19.6
Georgia State,33,-7.35,-2.85,75.1,78.3,27.2,60.5,.449,7.06,20.5,.345,13.6,19.9,.686,11.9,38.0,12.2,5.24,2.94,11.8,15.8
Georgia Tech,33,7.31,6.37,73.4,72.4,26.5,60.1,.442,7.42,21.8,.341,12.8,18.7,.686,11.0,37.3,14.7,5.82,3.70,12.2,16.0
Gonzaga,33,23.63,6.63,86.6,69.6,31.8,63.6,.500,7.33,21.3,.344,15.7,19.6,.801,11.2,38.6,19.7,7.61,2.97,9.42,16.7
Grambling,34,-12.32,-7.45,66.8,67.7,23.5,54.8,.429,6.44,19.1,.338,13.3,18.2,.729,8.82,33.7,11.4,6.68,3.71,12.7,16.4
Grand Canyon,33,5.82,-3.02,79.2,69.1,27.0,58.5,.461,6.24,19.8,.315,19.0,25.9,.733,11.2,37.4,14.1,9.39,5.09,13.2,17.4
Green Bay,32,-13.22,-2.54,69.9,80.3,23.2,53.6,.432,8.09,24.6,.329,15.4,19.7,.784,6.16,29.9,14.0,4.91,2.00,12.5,18.2
Hampton,33,-4.92,-3.72,72.5,70.0,25.9,60.9,.426,7.48,22.5,.333,13.0,18.3,.712,13.2,36.2,11.8,7.52,3.03,10.8,18.2
Harvard,27,-7.56,-3.60,68.4,72.0,25.1,56.7,.443,7.30,22.6,.322,10.9,14.1,.767,8.30,31.6,13.7,7.37,2.85,11.9,14.2
Hawaii,31,-3.12,-0.57,70.1,71.2,24.0,53.5,.449,6.55,20.5,.320,15.5,21.0,.738,9.94,35.6,11.9,3.55,2.35,13.5,17.7
High Point,34,5.41,-5.78,82.2,68.8,28.7,58.2,.494,8.24,22.6,.364,16.5,21.6,.763,11.3,36.4,13.0,6.18,2.88,10.4,18.0
Hofstra,33,-4.72,-3.62,66.7,64.9,24.1,56.4,.427,8.27,24.3,.340,10.3,14.5,.715,8.79,35.5,13.5,5.94,3.94,11.2,17.6
Holy Cross,32,-12.25,-7.08,69.6,72.1,25.8,56.4,.456,9.13,23.6,.387,8.97,12.4,.721,7.47,32.6,12.4,4.63,2.88,11.9,13.8
Houston,34,28.45,12.72,74.2,58.5,26.9,58.8,.458,8.06,20.3,.398,12.3,16.6,.741,12.3,36.2,12.0,7.94,4.62,9.29,16.4
Houston Christian,32,-8.18,-2.98,66.0,69.4,23.2,54.8,.423,7.84,24.0,.326,11.8,17.1,.687,9.25,31.3,10.9,7.88,3.59,11.7,13.6
Howard,32,-11.76,-6.61,77.5,79.3,26.7,57.4,.465,8.53,22.9,.372,15.6,21.1,.739,10.0,34.1,15.8,5.63,3.03,14.9,19.1
Idaho,33,-7.58,-3.06,73.6,75.5,24.9,56.7,.440,9.33,26.8,.348,14.4,19.2,.751,10.2,33.7,12.3,5.88,2.82,11.8,17.8
Idaho State,30,-3.60,-3.68,74.3,70.0,26.0,60.3,.431,7.37,22.7,.325,15.0,20.3,.742,14.1,38.1,13.3,6.03,4.50,10.7,16.5
Illinois,33,21.72,12.51,83.8,74.6,28.8,64.0,.450,9.36,30.1,.311,16.8,22.2,.759,13.1,42.5,15.0,4.39,4.18,11.5,16.2
Illinois State,33,1.87,-0.10,75.5,71.9,26.5,55.5,.478,10.0,26.6,.375,12.4,16.6,.748,7.79,32.3,14.5,5.70,1.70,10.4,16.6
Illinois-Chicago,31,-0.58,0.63,76.0,73.7,26.8,58.9,.455,8.06,23.1,.349,14.4,20.0,.719,10.6,36.1,15.4,6.77,3.13,12.1,17.7
Incarnate Word,33,-6.46,-5.42,72.9,68.9,27.0,58.1,.465,7.94,21.1,.377,11.0,16.2,.681,12.0,35.1,12.5,6.82,3.79,11.7,16.2
Indiana,32,14.60,11.98,74.7,72.0,27.2,59.4,.458,6.34,19.8,.321,13.9,19.7,.706,10.9,36.4,15.9,5.81,3.34,11.6,16.6
Indiana State,32,-3.12,-0.62,80.1,79.5,27.4,58.9,.465,10.1,29.1,.347,15.2,20.3,.749,9.19,35.6,15.7,6.84,2.22,14.0,18.3
Iona,34,-8.29,-7.50,69.7,70.5,25.6,61.0,.420,6.74,21.2,.318,11.6,17.0,.685,14.6,37.0,14.5,9.62,2.82,14.4,18.3
Iowa,33,12.90,10.12,82.5,79.7,30.6,62.6,.490,9.76,25.7,.380,11.5,16.2,.705,8.67,32.0,18.3,6.64,4.18,9.79,15.4
Iowa State,33,23.05,10.75,80.4,68.1,27.9,58.1,.480,7.67,21.4,.358,16.9,22.4,.757,10.3,35.4,15.0,9.36,3.48,11.9,16.1
IU Indy,32,-11.50,-4.22,75.1,76.8,25.1,58.5,.429,10.3,27.4,.374,14.6,19.8,.741,11.4,33.5,13.6,6.22,2.00,10.3,17.5
Jackson State,34,-9.14,-5.99,71.4,74.6,24.6,58.2,.422,6.38,19.6,.326,15.9,21.8,.730,10.9,36.6,12.2,7.15,3.38,13.9,16.5
Jacksonville,32,-3.23,-3.27,72.1,71.0,26.5,60.2,.440,7.34,20.4,.360,11.8,17.4,.680,12.6,36.3,13.7,7.78,4.47,13.1,17.3
Jacksonville State,34,1.41,0.05,73.9,68.6,26.1,58.6,.446,7.53,21.6,.348,14.1,18.6,.759,10.9,38.3,11.5,4.91,3.56,10.0,13.6
James Madison,32,-1.60,-2.57,73.9,70.5,25.7,58.6,.439,8.97,25.9,.346,13.5,17.9,.754,11.3,35.7,11.7,6.06,3.16,10.5,16.3
Kansas,33,20.72,13.78,76.2,69.3,29.1,61.7,.471,7.42,21.1,.352,10.7,15.0,.711,10.5,38.5,17.7,6.24,4.76,11.7,14.2
Kansas City,33,-5.32,-2.69,72.3,67.2,24.7,57.5,.430,8.79,25.6,.343,14.1,18.5,.762,11.9,35.4,12.3,7.39,3.21,11.9,16.7
Kansas State,33,11.30,10.09,70.8,69.6,25.9,58.9,.441,7.70,23.7,.325,11.2,16.3,.691,10.3,33.9,15.3,7.39,3.45,12.1,15.6
Kennesaw State,33,0.78,1.11,76.5,73.2,26.0,60.5,.429,8.61,27.7,.310,16.0,22.2,.719,12.5,40.3,13.3,6.61,4.24,13.7,18.7
Kent State,33,0.89,-3.24,73.7,68.4,26.5,60.7,.436,7.21,23.0,.314,13.6,18.1,.751,12.9,36.8,12.6,7.58,3.24,11.7,18.3
Kentucky,33,21.62,14.20,85.3,77.9,29.7,61.6,.482,9.61,25.7,.374,16.3,22.1,.738,10.1,38.5,16.8,6.76,4.03,11.1,17.4
La Salle,33,-3.04,1.62,72.0,74.7,25.6,62.0,.413,6.97,20.8,.336,13.8,19.0,.726,11.9,36.9,11.8,7.21,3.55,10.7,15.8
Lafayette,33,-9.89,-8.04,68.5,68.9,24.5,56.2,.436,7.79,22.8,.341,11.7,17.1,.684,8.61,33.4,14.7,5.82,3.48,11.0,15.5
Lamar,33,-2.19,-2.65,69.9,65.8,25.6,60.0,.427,6.97,19.8,.352,11.7,17.0,.687,13.4,38.7,15.0,7.45,5.00,12.5,15.3
Le Moyne,32,-17.52,-8.06,74.1,80.2,25.8,56.3,.458,7.91,23.3,.339,14.6,20.7,.704,9.06,32.8,14.2,6.94,2.16,13.9,19.2
Lehigh,30,-10.02,-6.45,70.3,71.4,25.3,56.1,.451,7.87,21.2,.370,11.9,17.5,.683,7.33,31.6,13.4,5.80,2.10,10.7,16.2
Liberty,34,8.24,-1.38,76.6,62.9,27.6,55.8,.494,10.6,27.1,.390,10.8,16.4,.661,6.41,33.0,16.9,6.62,2.91,10.1,13.5
Lindenwood,33,-13.00,-7.10,71.2,71.3,25.4,60.1,.422,5.82,20.5,.283,14.6,21.5,.680,11.5,36.5,11.2,8.39,4.03,12.6,16.2
Lipscomb,34,5.07,-4.87,79.3,67.3,27.6,58.4,.473,9.88,27.5,.359,14.2,17.9,.794,8.29,35.8,15.1,6.94,3.06,9.53,12.6
Little Rock,33,-6.70,-7.51,69.3,67.2,25.5,57.4,.445,6.52,17.7,.369,11.7,16.6,.704,10.4,33.7,13.5,9.03,5.21,13.9,17.1
Long Beach State,32,-9.81,-0.04,67.3,74.2,23.0,53.1,.433,6.81,19.5,.349,14.4,19.1,.756,9.50,31.9,11.4,5.69,3.00,14.4,18.3
Long Island University,33,-10.69,-9.69,67.7,65.3,25.2,57.9,.435,6.09,19.7,.310,11.3,15.7,.718,11.6,35.5,11.8,8.15,3.55,13.0,18.9
Longwood,32,-4.42,-4.83,78.3,74.1,26.5,57.2,.463,6.44,19.4,.332,18.9,26.0,.727,11.3,34.7,13.3,7.63,2.03,12.5,18.4
Louisiana,33,-10.63,-2.26,65.4,73.0,22.9,57.5,.399,6.76,21.8,.310,12.8,17.5,.729,9.58,30.7,10.3,7.36,2.88,10.8,17.5
Louisiana State,32,10.27,10.02,73.8,73.6,26.2,58.9,.445,7.81,25.6,.305,13.7,19.1,.714,10.3,35.7,12.8,7.09,4.72,13.1,16.8
Louisiana Tech,32,1.78,-0.39,73.9,68.4,25.9,55.6,.466,7.75,22.8,.340,14.3,19.0,.750,9.59,36.4,15.2,6.41,4.09,12.6,15.8
Louisiana-Monroe,32,-15.00,-4.20,68.9,75.5,24.4,60.0,.407,6.81,20.6,.331,13.2,18.5,.713,11.3,36.1,12.9,7.13,2.38,11.7,14.0
Louisville,34,19.30,9.62,78.6,68.9,27.0,59.4,.454,9.41,28.5,.330,15.2,20.5,.744,11.2,37.4,14.0,6.41,2.85,11.4,15.5
Loyola (IL),33,3.77,0.36,73.5,68.6,26.3,57.5,.458,8.55,24.2,.354,12.4,18.6,.663,10.2,35.6,16.0,6.42,4.52,12.2,17.8
Loyola (MD),31,-11.56,-8.20,69.2,71.1,25.0,57.4,.436,7.39,22.7,.325,11.8,16.9,.697,10.0,33.4,13.7,7.19,2.87,12.0,15.3
Loyola Marymount,32,1.48,3.22,71.2,71.6,25.7,58.4,.440,7.88,23.6,.334,12.0,16.6,.724,7.84,33.4,13.2,5.78,3.94,10.4,16.5
Maine,34,-6.26,-8.08,70.9,66.1,26.3,56.7,.463,6.62,18.6,.355,11.7,15.9,.734,7.44,30.3,14.8,9.06,3.65,10.4,15.0
Manhattan,30,-7.24,-8.20,76.0,74.5,26.4,60.3,.438,8.67,25.2,.344,14.5,18.9,.770,11.9,37.0,15.1,6.33,2.53,11.8,14.2
Marist,30,-8.68,-10.18,66.0,64.5,25.1,57.1,.440,6.73,21.4,.314,9.03,12.8,.708,10.3,36.0,14.0,5.77,3.43,11.9,14.9
Marquette,33,18.89,10.56,76.9,68.5,27.8,62.5,.445,9.39,28.9,.325,11.8,16.3,.723,11.0,34.2,13.8,9.03,3.70,9.27,16.0
Marshall,33,-2.16,-4.42,75.7,71.7,26.8,60.7,.441,7.88,24.5,.322,14.3,20.7,.693,12.5,37.5,14.6,6.64,5.45,11.6,19.3
Maryland,33,23.54,8.87,81.7,67.0,29.1,61.7,.472,8.15,21.9,.372,15.3,20.3,.755,10.7,36.7,14.7,7.88,4.55,10.3,15.5
Maryland-Baltimore County,32,-11.23,-7.88,80.0,78.8,29.0,59.9,.485,8.97,23.2,.387,12.9,18.7,.692,7.44,32.1,14.7,7.34,2.66,11.4,15.3
Maryland-Eastern Shore,31,-20.47,-4.28,67.4,77.7,23.8,56.1,.424,6.77,20.6,.329,13.0,19.6,.664,9.90,32.9,11.6,5.32,2.00,13.4,18.0
Massachusetts,32,-2.47,0.76,72.9,75.0,26.3,64.2,.410,5.78,20.6,.281,14.6,21.9,.664,14.3,39.7,12.9,7.78,4.84,11.7,18.1
Massachusetts-Lowell,32,-7.32,-7.28,79.5,74.1,28.6,57.6,.497,7.06,20.0,.354,15.2,19.6,.772,8.56,35.8,15.4,5.88,4.28,12.5,13.3
McNeese State,33,8.89,-2.33,77.2,64.0,27.6,57.6,.479,7.64,21.3,.359,14.4,20.3,.710,11.7,36.2,14.1,9.00,3.39,10.8,16.1
Memphis,33,12.51,5.75,80.0,73.3,28.0,59.1,.474,7.52,19.9,.378,16.5,23.4,.705,11.9,37.2,14.7,7.70,4.64,13.9,17.8
Mercer,33,-8.34,-5.02,76.1,75.3,27.8,64.0,.435,8.27,25.7,.322,12.1,18.5,.655,11.7,39.3,13.2,8.42,2.64,12.1,16.6
Mercyhurst,31,-15.34,-9.38,67.9,69.9,23.7,54.9,.432,6.90,19.7,.351,13.6,16.9,.802,7.58,27.4,13.5,7.32,2.16,10.8,16.7
Merrimack,33,-4.36,-5.75,65.6,64.2,23.8,56.4,.423,7.97,24.2,.330,9.97,13.8,.723,7.03,28.2,11.8,9.48,3.76,9.00,15.7
Miami (FL),31,0.67,7.31,74.0,80.6,27.4,59.6,.459,7.19,23.0,.313,12.0,15.7,.764,9.45,31.5,12.9,6.39,3.42,10.9,14.4
Miami (OH),34,-0.84,-5.27,80.6,72.7,29.0,60.2,.481,10.7,26.9,.397,12.0,16.5,.724,9.38,34.1,16.2,8.00,3.53,12.1,17.7
Michigan,33,19.97,12.91,78.8,71.8,27.8,58.2,.479,8.24,24.5,.337,14.9,20.6,.725,11.0,38.1,16.2,5.55,3.64,14.3,17.2
Michigan State,33,22.47,11.56,78.2,67.2,27.3,59.3,.461,5.97,19.4,.308,17.5,22.4,.781,11.8,39.8,16.8,5.48,4.52,11.5,17.0
Middle Tennessee,33,2.98,1.23,75.9,71.4,27.5,60.8,.452,7.58,23.8,.318,13.4,19.9,.670,11.5,38.1,12.5,6.58,4.36,11.4,17.2
Milwaukee,32,0.37,-3.77,78.4,71.7,28.3,60.6,.468,5.91,19.2,.308,15.8,23.2,.684,14.4,39.2,14.3,7.69,3.28,13.2,17.6
Minnesota,32,8.52,10.18,68.1,69.7,24.9,56.4,.441,6.53,20.3,.322,11.8,17.8,.664,10.5,33.9,15.3,6.03,4.72,10.8,17.5
Mississippi,33,17.93,12.47,77.2,71.7,26.6,60.1,.442,8.24,24.2,.341,15.8,21.4,.738,9.21,33.1,14.2,8.79,3.85,8.91,18.2
Mississippi State,33,17.53,11.93,79.8,74.2,28.6,63.5,.451,8.42,26.8,.314,14.1,20.1,.700,13.0,38.2,15.3,9.21,4.61,10.6,17.4
Mississippi Valley State,31,-34.29,-4.46,54.1,80.8,19.7,50.6,.389,4.52,15.3,.296,10.3,15.5,.660,7.68,28.0,8.32,6.00,1.94,16.2,16.4
Missouri,33,20.39,9.79,84.5,73.8,28.0,57.7,.485,8.85,23.9,.370,19.6,27.0,.725,11.1,34.3,13.8,9.39,2.67,10.7,18.2
Missouri State,32,-3.87,0.60,68.0,70.9,24.3,54.2,.447,7.13,20.0,.357,12.3,18.8,.656,10.4,32.7,12.2,7.38,2.59,13.7,18.1
Monmouth,33,-7.87,-2.84,70.3,75.4,23.8,57.8,.411,7.06,20.0,.352,15.8,21.2,.742,10.8,34.1,11.8,5.91,4.45,11.0,17.9
Montana,34,-1.12,-1.90,76.9,72.9,27.6,55.0,.502,7.32,20.4,.360,14.3,19.5,.736,7.18,31.7,13.6,6.26,3.26,10.9,16.1
Montana State,33,-2.37,-2.30,71.3,69.6,25.3,55.6,.455,8.18,24.0,.340,12.5,17.3,.725,6.97,31.3,13.2,6.36,3.61,9.94,16.0
Morehead State,32,-13.50,-7.36,66.1,68.7,23.2,55.6,.417,5.94,19.2,.309,13.9,20.6,.675,11.3,36.6,11.5,5.59,2.56,11.8,15.8
Morgan State,32,-14.88,-8.31,80.0,80.8,29.6,62.1,.477,4.63,13.6,.340,16.1,22.1,.728,12.4,37.3,12.9,6.94,4.66,13.5,18.6
Mount St. Mary's,34,-7.78,-7.27,70.4,69.8,24.7,55.9,.442,7.97,22.9,.348,13.0,17.7,.734,10.3,37.7,15.0,6.15,2.79,15.1,15.8
Murray State,33,0.85,0.44,71.8,69.2,23.9,55.2,.433,7.61,22.1,.344,16.4,22.8,.722,10.0,34.0,11.9,6.67,3.03,11.4,17.4
Navy,34,-9.59,-8.47,70.8,70.4,24.6,58.2,.423,7.32,21.7,.338,14.2,19.4,.732,11.3,35.8,13.3,6.53,2.68,10.8,16.4
NC State,31,5.89,6.70,69.6,70.4,24.6,58.0,.425,6.74,21.0,.322,13.6,18.7,.726,10.3,32.0,12.7,6.45,3.81,9.52,16.6
Nebraska,31,12.98,10.47,75.4,72.9,26.3,58.0,.453,7.26,22.4,.325,15.6,20.9,.748,9.19,35.1,13.8,7.10,2.97,11.4,15.7
Nevada,33,9.76,5.57,72.3,68.1,25.6,54.1,.473,6.91,20.3,.341,14.2,20.2,.703,8.67,32.5,15.1,6.21,3.61,10.2,17.5
Nevada-Las Vegas,33,7.04,5.92,69.2,68.1,24.3,55.3,.440,6.36,19.1,.333,14.2,19.8,.717,9.27,33.9,12.1,6.55,3.64,10.7,15.9
New Hampshire,32,-19.50,-7.17,66.4,76.6,24.1,58.5,.412,7.78,23.9,.325,10.3,15.7,.659,10.3,34.3,11.2,5.66,2.38,13.3,16.5
New Mexico,33,15.16,5.97,81.2,70.8,29.0,63.2,.459,7.09,20.4,.347,16.2,23.5,.687,12.2,39.3,15.2,8.88,5.12,11.4,17.5
New Mexico State,32,1.18,0.74,69.7,65.9,24.6,59.2,.415,7.13,22.2,.321,13.3,19.8,.675,11.8,37.4,11.7,6.38,2.31,10.9,18.5
New Orleans,31,-15.15,-0.60,67.9,82.5,24.5,59.4,.412,5.55,18.2,.304,13.5,20.1,.669,12.1,35.6,12.3,7.29,2.61,13.2,15.0
Niagara,31,-12.52,-8.29,68.5,71.4,24.1,53.5,.450,8.10,22.9,.353,12.2,16.5,.739,7.52,30.7,12.6,6.23,2.23,12.3,15.7
Nicholls State,33,-2.19,-2.52,74.0,69.6,26.3,61.4,.428,7.64,22.1,.346,13.8,20.2,.685,12.0,37.8,11.3,8.06,3.91,10.6,17.2
NJIT,31,-17.62,-7.56,65.3,73.2,23.4,58.5,.400,6.84,22.2,.308,11.6,15.8,.731,10.7,35.5,10.1,4.77,3.68,12.1,18.4
Norfolk State,34,-3.61,-7.48,77.3,69.0,27.6,56.5,.489,5.38,16.3,.331,16.6,21.9,.756,10.1,34.7,13.9,6.94,3.03,12.4,17.6
North Alabama,34,1.64,-5.36,79.1,70.6,28.8,62.6,.460,7.74,21.9,.353,13.9,19.7,.706,12.4,38.0,12.2,7.65,3.32,8.68,14.6
North Carolina,35,17.17,11.34,80.8,75.0,28.7,60.3,.476,7.89,22.3,.353,15.5,21.0,.737,9.80,36.7,14.7,5.89,3.71,10.8,16.8
North Carolina A&T,32,-12.99,-4.02,69.2,76.2,24.7,60.5,.408,6.72,22.1,.304,13.0,18.9,.686,10.7,35.9,11.2,6.16,3.00,10.6,15.1
North Carolina Central,33,-12.67,-7.81,78.8,75.8,27.7,60.4,.459,7.33,20.9,.350,16.0,23.0,.696,13.2,33.5,15.8,8.36,2.39,13.2,19.9
North Dakota,33,-7.07,-1.17,77.3,79.5,27.2,62.7,.435,8.21,25.2,.326,14.6,20.6,.708,13.2,37.7,12.3,5.70,2.45,11.4,16.6
North Dakota State,32,1.44,-3.25,81.1,74.6,27.2,57.1,.477,11.9,29.8,.398,14.8,19.1,.775,8.94,34.7,15.0,3.66,1.84,10.4,14.9
North Florida,32,-7.99,-3.25,82.8,84.8,29.5,66.4,.444,12.8,35.8,.357,11.1,16.2,.685,11.2,35.8,16.3,6.31,3.25,11.2,17.9
North Texas,32,7.85,0.52,68.1,59.7,23.3,51.6,.451,6.88,19.3,.357,14.7,18.9,.774,10.3,32.9,10.6,7.63,2.44,10.4,15.1
Northeastern,32,-4.33,-4.76,70.1,69.7,26.1,57.8,.452,6.78,20.1,.337,11.1,16.2,.687,10.6,34.1,13.0,7.56,4.72,12.5,16.1
Northern Arizona,33,-6.02,-5.43,75.8,71.2,27.9,61.3,.455,8.12,23.2,.350,12.0,18.1,.661,11.8,37.7,14.9,6.09,1.55,10.2,16.0
Northern Colorado,34,1.61,-3.81,80.9,72.4,29.3,57.4,.511,8.38,22.3,.376,13.9,19.1,.727,8.00,34.2,15.9,6.12,2.35,10.9,17.4
Northern Illinois,31,-16.44,-4.37,70.9,76.9,24.4,59.5,.410,9.52,28.5,.334,12.6,17.9,.705,7.39,32.8,12.5,6.13,3.55,11.5,19.7
Northern Iowa,32,5.37,0.11,73.6,67.2,26.6,54.3,.489,7.13,19.3,.370,13.3,19.1,.698,8.22,33.1,13.9,5.91,3.00,10.5,14.6
Northern Kentucky,33,-4.78,-3.13,71.8,72.0,25.8,59.0,.438,7.82,23.4,.334,12.4,18.5,.669,11.3,33.6,14.2,7.76,3.21,12.0,16.0
Northwestern,33,14.53,11.26,72.4,69.2,26.1,59.1,.441,6.73,20.2,.333,13.6,18.5,.733,10.9,33.8,14.5,6.91,3.52,9.97,17.6
Northwestern State,32,-5.05,-1.42,67.1,68.9,23.6,54.9,.431,6.97,19.7,.354,12.8,18.0,.715,11.4,35.0,12.7,6.81,4.25,13.2,15.6
Notre Dame,33,7.43,7.28,72.6,72.5,25.8,57.2,.451,7.61,21.5,.355,13.5,18.2,.740,9.97,35.1,11.4,5.58,1.76,11.1,15.7
Oakland,34,-2.68,-0.96,70.6,71.6,25.3,57.9,.436,7.50,24.6,.305,12.6,18.1,.699,12.1,35.4,12.9,6.56,3.00,11.9,16.0
Ohio,32,-2.52,-4.26,79.8,76.5,28.1,59.8,.469,8.59,24.0,.358,15.0,19.8,.761,8.16,33.2,14.1,7.22,2.97,10.9,17.5
Ohio State,32,17.89,12.61,78.8,73.5,27.4,58.9,.466,8.16,22.2,.368,15.8,21.1,.748,9.53,33.7,13.2,6.50,3.59,10.9,19.6
Oklahoma,33,15.42,11.42,78.8,74.8,26.3,55.8,.472,8.64,23.4,.370,17.5,22.1,.794,8.33,32.1,13.7,7.82,2.30,12.1,18.5
Oklahoma State,32,6.87,10.78,72.6,76.5,24.4,57.3,.426,6.53,20.1,.325,17.3,23.9,.723,11.1,34.9,12.6,9.00,2.78,13.7,19.5
Old Dominion,35,-9.54,-4.09,67.9,71.5,24.0,60.6,.396,6.23,21.7,.288,13.7,19.1,.717,14.3,38.4,10.5,5.51,3.37,11.4,16.7
Omaha,34,-1.07,-2.85,78.1,75.0,27.1,58.3,.466,8.32,22.7,.367,15.4,21.3,.724,9.88,35.6,13.4,5.97,2.41,10.9,18.4
Oral Roberts,30,-11.40,-0.48,73.3,78.5,24.6,56.4,.436,9.33,25.8,.362,14.8,19.7,.753,8.40,31.3,10.2,4.97,2.33,11.6,17.7
Oregon,33,17.50,12.23,76.2,70.9,26.8,58.6,.457,7.70,22.6,.340,14.9,19.6,.763,10.2,35.5,14.6,7.15,3.79,11.3,16.4
Oregon State,32,8.79,2.18,76.3,68.8,26.4,54.5,.484,7.13,19.4,.368,16.4,20.9,.786,9.44,33.4,14.6,6.56,3.13,10.9,15.9
Pacific,33,-6.82,2.37,69.5,75.8,24.8,57.1,.435,6.42,21.4,.300,13.5,18.6,.725,10.4,35.0,12.8,5.70,2.85,13.1,18.5
Penn State,31,13.63,7.76,79.1,73.2,27.7,57.8,.479,7.16,20.9,.343,16.6,21.9,.756,9.39,33.7,16.0,8.06,4.06,12.4,16.5
Pennsylvania,27,-10.25,-2.43,69.6,77.4,24.7,58.4,.422,8.44,25.9,.326,11.8,16.9,.697,9.67,34.3,13.7,4.93,1.74,11.1,15.3
Pepperdine,35,-2.56,2.82,73.1,76.6,26.4,59.4,.444,7.03,20.6,.341,13.4,18.7,.716,10.0,35.0,15.9,6.09,2.74,11.0,15.7
Pittsburgh,32,13.61,8.58,75.9,70.8,26.1,57.8,.451,8.28,23.9,.346,15.5,19.8,.782,9.81,33.4,13.4,7.28,4.13,9.97,16.4
Portland,32,-7.08,2.39,72.9,80.4,25.2,57.6,.437,8.50,24.6,.345,14.1,18.2,.777,8.31,33.8,15.5,4.66,3.09,12.8,15.2
Portland State,32,-4.04,-4.90,75.6,69.6,28.5,60.4,.473,6.28,19.2,.327,12.2,19.4,.630,12.1,36.8,14.6,8.25,4.91,12.7,17.5
Prairie View,32,-19.11,-7.11,71.4,82.4,25.6,58.9,.435,6.31,19.8,.319,13.9,20.1,.691,8.84,27.9,12.2,8.09,3.19,11.9,18.9
Presbyterian,32,-6.48,-4.34,74.3,70.7,27.1,57.9,.468,7.31,19.8,.369,12.8,18.4,.694,10.1,33.7,13.3,6.72,3.22,10.6,18.1
Princeton,30,-2.58,-2.22,73.6,72.1,26.4,60.8,.434,10.5,29.6,.355,10.4,14.6,.710,9.70,33.8,15.2,7.37,2.17,10.4,15.5
Providence,32,7.54,8.69,71.3,72.5,25.2,57.3,.440,9.28,26.1,.356,11.6,16.9,.686,11.3,37.1,12.9,4.97,3.41,12.7,17.2
Purdue,33,20.68,13.89,77.9,71.1,27.7,56.5,.490,8.27,21.5,.385,14.3,19.5,.730,9.52,32.4,16.0,6.55,1.70,10.4,16.1
Purdue Fort Wayne,32,-1.01,-4.08,80.7,74.6,28.7,61.1,.470,10.3,27.8,.371,13.0,17.4,.750,7.59,30.3,13.6,8.69,2.78,9.56,15.7
Queens (NC),33,-4.76,-4.54,76.6,74.1,26.6,59.7,.446,9.27,26.8,.345,14.1,20.5,.687,11.5,37.3,16.0,6.58,5.30,12.5,17.0
Quinnipiac,33,-5.63,-7.41,73.9,71.5,26.2,61.4,.426,6.88,23.2,.296,14.7,19.2,.763,11.8,38.3,13.8,8.24,4.67,12.9,16.3
Radford,33,-2.48,-3.19,74.0,70.1,25.0,54.9,.454,7.33,20.1,.364,16.7,21.9,.763,11.4,35.4,11.3,5.55,3.12,11.3,17.1
Rhode Island,31,1.61,-0.36,78.0,75.1,26.7,57.5,.465,7.61,21.7,.351,17.0,24.5,.694,10.0,37.4,13.9,5.94,3.35,12.9,16.4
Rice,32,-1.84,-1.87,70.3,70.3,23.4,55.6,.421,7.09,21.5,.330,16.4,24.1,.681,12.3,38.2,11.8,4.66,3.09,11.8,17.8
Richmond,32,-4.88,2.06,66.8,71.9,22.8,54.5,.418,7.81,24.9,.314,13.4,16.9,.792,6.50,31.1,11.7,5.97,2.06,10.2,17.5
Rider,33,-11.81,-6.99,67.0,71.8,24.7,57.4,.430,5.39,17.3,.312,12.3,17.0,.722,11.2,34.3,12.6,5.36,3.09,11.2,14.4
Robert Morris,34,-0.04,-5.80,76.9,70.4,26.5,58.8,.451,7.56,21.6,.350,16.3,22.6,.722,12.4,37.4,16.0,6.38,4.53,13.0,16.5
Rutgers,32,10.45,10.99,77.0,77.6,27.0,60.6,.446,7.22,22.0,.329,15.8,21.9,.718,11.2,35.3,12.9,7.03,3.91,10.9,17.1
Sacramento State,32,-13.69,-3.65,66.2,70.5,23.3,54.4,.428,8.19,24.9,.328,11.4,16.9,.675,9.44,33.4,13.1,5.94,3.03,13.2,18.5
Sacred Heart,33,-8.72,-8.13,75.8,75.2,27.1,61.9,.438,9.64,27.6,.349,11.9,16.2,.731,11.8,37.1,16.6,7.36,2.97,12.3,15.8
Saint Francis (PA),33,-12.52,-7.05,71.1,71.6,26.6,57.7,.461,8.21,24.2,.339,9.70,13.3,.727,8.70,34.0,14.2,6.33,2.39,12.9,15.2
Saint Joseph's,34,8.07,1.34,75.4,68.6,26.0,58.8,.442,9.29,27.4,.340,14.1,19.0,.743,10.6,37.1,14.6,6.44,5.53,11.4,14.4
Saint Louis,33,4.31,2.47,74.2,70.3,26.4,55.4,.476,9.85,27.8,.354,11.6,16.8,.687,7.64,35.3,15.1,6.39,3.12,12.7,14.7
Saint Mary's (CA),33,17.75,5.75,73.5,60.7,27.1,59.5,.455,6.45,20.0,.323,12.9,18.5,.694,14.1,39.8,15.5,6.24,3.94,9.79,15.0
Saint Peter's,28,-10.35,-8.17,66.0,65.8,22.3,56.5,.395,7.11,21.6,.329,14.3,19.4,.738,13.5,37.3,10.3,6.79,3.61,13.6,18.9
Sam Houston,32,-2.58,1.60,75.3,76.0,25.8,58.0,.446,8.63,22.3,.388,15.0,20.7,.725,10.8,35.3,12.9,6.41,2.91,12.7,17.7
Samford,32,1.58,-3.85,83.3,75.2,29.6,64.2,.462,10.8,29.5,.364,13.3,18.5,.723,13.1,36.1,16.5,9.97,3.75,12.8,19.3
San Diego,33,-8.05,1.95,70.1,79.7,24.8,61.1,.407,6.39,21.8,.293,14.0,18.7,.752,11.5,34.3,11.4,7.42,3.58,13.3,21.0
San Diego State,30,13.78,8.06,70.9,63.6,25.5,57.5,.444,7.70,23.0,.335,12.0,18.1,.666,10.2,35.4,13.1,7.67,5.47,11.0,18.5
San Francisco,33,10.97,4.22,75.9,68.9,26.5,58.1,.457,8.52,25.2,.338,14.3,20.1,.711,10.2,35.2,13.8,6.73,3.42,11.9,18.8
San Jose State,34,0.83,4.39,72.2,73.4,25.6,57.4,.446,8.15,23.6,.345,12.9,17.4,.740,9.50,34.1,13.1,5.91,3.09,11.6,15.7
Santa Clara,32,13.16,4.72,81.3,72.8,28.8,61.6,.467,10.8,28.8,.377,12.9,17.8,.728,11.4,37.9,16.8,6.59,3.06,12.0,16.7
Seattle,32,0.15,-0.99,70.4,66.4,23.3,56.2,.415,6.69,20.7,.323,17.1,24.0,.714,10.8,34.3,12.1,8.09,3.19,11.4,17.9
Seton Hall,32,0.06,8.69,61.6,70.2,22.1,55.3,.400,5.25,16.8,.312,12.1,18.2,.663,11.2,31.1,11.2,8.13,3.38,12.5,18.0
Siena,32,-7.12,-7.24,72.2,72.1,24.5,57.1,.429,7.47,22.8,.328,15.8,21.3,.743,9.84,32.2,11.8,6.84,4.97,11.8,16.2
South Alabama,32,1.51,-4.13,72.9,64.6,25.4,57.3,.444,8.53,26.2,.326,13.5,19.2,.704,10.0,35.3,14.4,9.34,2.63,9.28,13.4
South Carolina,32,10.24,11.89,69.8,71.4,23.2,54.2,.427,6.69,21.2,.316,16.8,23.5,.715,10.1,34.4,12.7,5.66,2.94,12.4,16.1
South Carolina State,33,-4.35,-8.78,79.5,70.4,27.3,58.4,.468,7.09,19.6,.362,17.8,25.1,.709,12.4,35.3,15.6,9.48,3.52,14.2,21.1
South Carolina Upstate,32,-15.44,-2.48,74.8,83.5,27.5,60.7,.454,6.94,22.7,.306,12.8,18.9,.675,9.34,33.9,13.3,7.56,2.31,14.2,19.3
South Dakota,33,-5.43,-3.23,85.2,83.7,28.7,63.8,.450,7.88,24.6,.321,20.0,28.0,.714,11.9,35.7,11.6,7.55,3.33,9.61,18.6
South Dakota State,32,2.49,-1.47,79.6,73.5,28.5,60.5,.471,8.66,24.7,.350,13.8,18.5,.747,11.7,40.2,14.1,4.69,2.63,12.1,16.2
South Florida,32,-1.84,0.13,74.4,74.5,26.3,59.3,.443,7.06,22.2,.318,14.7,20.4,.720,10.3,34.6,14.4,8.28,3.53,11.1,17.1
Southeast Missouri State,33,-4.67,-7.64,74.0,67.0,27.3,59.8,.456,7.33,22.0,.333,12.1,16.7,.722,8.42,33.1,13.6,8.15,3.61,10.7,18.1
Southeastern Louisiana,32,-4.04,-4.71,72.6,69.8,25.8,57.9,.444,6.09,18.5,.329,15.0,20.1,.749,10.9,35.8,11.8,6.94,2.31,11.7,17.2
Southern,32,-6.72,-7.79,74.8,68.3,26.5,60.9,.436,6.63,20.6,.322,15.1,22.5,.669,13.0,37.3,13.0,9.66,3.84,12.5,18.6
Southern California,33,12.46,11.07,76.9,75.5,27.2,56.4,.482,7.18,19.5,.367,15.3,20.5,.746,8.70,31.3,15.5,6.36,2.97,12.4,17.8
Southern Illinois,33,-2.17,1.13,72.9,74.5,26.5,57.5,.461,6.73,19.2,.351,13.1,19.4,.676,10.2,35.5,14.2,6.27,3.00,12.5,16.9
SIU Edwardsville,33,-5.83,-8.47,72.6,66.1,26.0,60.0,.434,7.48,21.9,.341,13.1,19.3,.676,12.0,38.5,13.7,6.73,3.97,11.4,16.5
Southern Indiana,30,-13.66,-8.19,71.5,73.5,25.5,59.7,.428,7.20,20.5,.351,13.2,18.1,.731,10.5,35.8,11.4,6.70,2.87,11.7,17.2
Southern Methodist,33,14.94,6.03,80.0,71.1,28.3,58.9,.481,7.79,20.7,.376,15.6,21.6,.721,12.5,38.4,15.6,7.97,3.61,12.0,16.7
Southern Mississippi,33,-9.84,-3.26,71.3,76.0,25.5,59.2,.431,6.58,21.7,.303,13.7,19.8,.692,10.5,37.4,14.4,6.88,4.30,13.9,16.8
Southern Utah,31,-10.25,-1.75,69.8,73.7,24.5,57.6,.425,5.87,18.8,.313,15.0,20.6,.729,11.0,37.1,12.0,5.06,4.39,14.5,17.6
St. Bonaventure,33,4.16,0.63,69.0,64.9,25.2,56.3,.447,6.15,19.7,.313,12.5,17.0,.735,9.45,33.8,11.0,7.48,3.27,10.4,13.4
St. John's (NY),34,21.77,8.95,78.7,65.9,29.5,65.5,.451,6.03,19.9,.304,13.6,19.8,.689,14.5,40.9,15.9,9.18,5.21,11.1,16.6
St. Thomas,34,1.34,-4.17,83.1,74.8,28.7,58.3,.492,10.4,27.0,.387,15.3,19.6,.780,7.26,31.3,15.4,7.18,3.18,9.53,18.0
Stanford,33,9.14,6.72,73.0,70.6,25.5,58.8,.434,8.30,24.3,.341,13.7,17.4,.788,10.8,34.0,13.8,6.97,3.48,10.6,17.1
Stephen F. Austin,31,-8.12,-3.41,66.6,68.3,24.4,57.8,.422,6.16,21.3,.290,11.7,18.5,.633,13.1,37.6,12.5,8.32,4.19,15.6,16.6
Stetson,32,-16.20,-4.20,71.7,81.5,25.2,56.6,.445,7.28,21.4,.340,14.1,19.1,.735,8.44,33.0,11.8,5.16,3.09,13.0,14.7
Stonehill,32,-12.86,-9.29,68.7,70.1,23.7,54.6,.434,8.63,24.3,.355,12.6,17.4,.724,9.00,33.1,14.4,6.44,2.63,12.1,16.6
Stony Brook,32,-13.56,-4.14,66.5,74.1,23.1,55.8,.414,7.38,21.9,.337,12.9,17.3,.746,10.5,33.1,11.3,5.09,2.06,11.8,15.2
Syracuse,33,5.34,8.43,74.7,77.8,27.2,59.5,.457,6.39,19.5,.328,13.9,19.7,.705,11.0,37.1,13.6,4.88,2.52,12.6,16.4
Tarleton State,32,-9.95,0.05,63.3,69.6,21.8,50.4,.432,4.13,12.8,.324,15.6,21.3,.733,9.47,30.3,10.6,9.38,3.59,17.6,19.1
TCU,32,10.90,12.05,67.6,68.7,24.4,58.6,.416,6.09,20.3,.300,12.7,19.7,.647,12.0,34.8,12.2,7.59,3.44,11.6,15.7
Temple,32,0.08,-0.05,78.8,77.7,26.3,58.6,.448,6.75,18.7,.362,19.5,26.5,.736,11.2,36.4,10.8,6.41,3.72,11.0,18.0
Tennessee,33,25.04,12.70,74.7,62.3,25.9,56.9,.455,8.30,24.3,.341,14.6,19.7,.742,11.7,37.0,15.5,6.94,5.03,10.5,15.4
Tennessee State,33,-7.85,-8.55,78.1,73.3,27.5,59.5,.463,6.64,20.4,.325,16.4,24.0,.681,13.0,40.5,13.3,7.18,3.85,15.3,18.9
Tennessee Tech,32,-10.85,-7.58,72.1,74.1,25.3,58.6,.432,9.66,27.4,.352,11.8,17.0,.698,8.66,34.7,15.2,6.34,2.75,11.6,13.3
Tennessee-Martin,33,-10.97,-7.97,74.4,71.9,25.3,60.5,.419,9.27,28.8,.322,14.5,20.7,.699,13.7,39.4,13.5,8.09,2.82,13.1,16.8
Texas,34,16.20,9.99,78.4,72.2,27.3,59.2,.462,7.53,20.9,.360,16.2,21.6,.749,10.2,35.7,13.0,6.29,4.35,9.94,18.9
Texas A&M,32,20.05,13.67,74.3,67.9,25.0,60.0,.416,7.00,22.5,.311,17.4,25.0,.695,16.2,41.2,11.9,7.53,4.06,12.3,17.3
Texas A&M-Corpus Christi,34,-1.03,-3.43,75.8,67.4,28.5,58.1,.490,5.85,17.1,.343,13.0,20.6,.631,11.2,36.5,15.0,7.88,3.56,12.0,17.7
Texas Southern,32,-10.03,-8.00,72.7,72.1,26.4,61.7,.429,7.28,21.8,.334,12.5,17.3,.722,11.5,37.5,13.7,8.56,3.41,13.9,16.8
Texas State,32,-3.50,-3.67,76.2,73.3,27.1,58.4,.464,5.94,16.2,.367,16.1,21.3,.756,12.2,37.0,14.5,7.09,4.03,12.3,18.3
Texas Tech,33,23.91,10.58,80.9,67.6,28.5,60.5,.470,10.2,27.0,.379,13.8,18.0,.764,11.6,36.7,16.6,6.52,3.03,9.97,15.7
Texas-Rio Grande Valley,31,-6.12,-3.46,76.7,74.0,28.1,63.4,.444,10.6,32.2,.329,9.87,14.0,.707,11.8,37.6,17.2,7.58,2.81,13.5,16.5
The Citadel,30,-18.29,-4.40,66.6,75.0,23.5,56.2,.419,7.53,25.5,.295,12.0,19.4,.617,10.6,34.4,12.3,6.00,2.03,12.5,16.1
Toledo,33,-5.94,-2.69,78.9,80.2,28.4,61.2,.464,5.85,17.4,.336,16.2,21.7,.750,10.8,34.0,13.3,5.39,2.76,9.39,15.8
Towson,33,-1.68,-3.33,70.0,66.7,25.3,60.2,.421,7.67,22.7,.337,11.6,17.1,.682,13.1,36.8,10.6,6.45,3.33,9.36,16.0
Troy,33,3.62,-2.83,73.9,65.4,25.1,57.3,.438,7.67,25.6,.299,16.0,22.2,.720,13.9,38.6,13.9,9.42,4.73,13.5,16.7
Tulane,33,2.03,-0.94,74.9,69.8,25.9,57.0,.455,7.70,22.5,.341,15.4,20.3,.760,9.27,34.8,14.8,7.24,4.55,10.8,17.1
Tulsa,33,-5.68,-1.64,71.3,73.6,25.1,57.9,.434,7.94,24.6,.322,13.0,19.5,.667,9.73,35.7,13.6,6.12,2.73,11.4,15.6
UAB,33,4.54,-1.12,82.8,76.0,30.4,65.4,.465,6.58,19.2,.342,15.5,20.3,.762,14.5,39.6,16.3,6.79,4.30,9.82,15.3
UC Davis,32,-5.89,-0.99,68.0,70.3,23.0,55.8,.413,6.34,19.5,.325,15.6,20.9,.743,10.2,33.0,11.1,7.88,3.59,13.3,18.0
UC Irvine,34,8.07,-0.99,75.9,66.2,26.0,57.1,.455,6.97,19.8,.352,17.0,21.1,.806,9.32,38.1,15.9,6.79,3.47,12.8,15.4
UC Riverside,33,-0.25,0.40,75.2,74.2,26.6,62.3,.427,9.00,26.7,.338,12.9,17.2,.754,12.5,37.5,13.0,5.48,2.45,11.1,18.2
UC San Diego,34,13.04,-2.06,79.8,61.6,27.4,58.7,.466,10.8,29.6,.366,14.2,19.1,.746,9.09,33.9,15.9,9.94,2.18,8.74,16.4
UC Santa Barbara,34,0.78,-3.00,74.3,68.8,25.7,55.6,.463,10.0,26.3,.381,12.9,16.8,.764,8.91,33.9,14.9,6.03,3.12,12.2,16.8
UCF,33,10.71,11.53,79.3,80.1,26.5,62.5,.424,8.67,25.8,.336,17.6,22.7,.777,12.3,36.8,14.1,7.82,4.48,12.7,17.2
UCLA,32,19.24,10.21,74.8,65.7,27.0,57.9,.466,7.34,20.9,.352,13.4,19.1,.703,10.8,32.7,16.3,8.09,3.00,10.6,17.4
UNC Asheville,32,-5.10,-4.46,82.2,76.6,29.4,62.3,.473,7.97,22.9,.348,15.3,21.4,.716,11.3,35.2,14.0,7.50,4.19,10.4,19.3
UNC Greensboro,32,-0.87,-4.00,72.9,65.4,25.6,57.8,.442,9.19,24.7,.372,12.6,17.1,.735,10.9,36.7,13.0,6.00,2.84,9.88,16.2
UNC Wilmington,34,2.32,-4.49,79.4,69.9,27.8,58.9,.472,7.29,21.5,.339,16.5,22.1,.748,12.5,38.7,15.2,6.53,3.50,10.9,16.6
UT Arlington,31,-5.22,-2.50,74.3,74.8,25.8,57.8,.446,8.68,24.5,.354,14.0,21.2,.661,11.6,36.5,14.1,5.94,3.19,13.5,18.0
Utah,32,11.95,8.86,75.3,72.2,26.4,59.3,.446,8.47,26.0,.326,14.0,21.9,.639,12.8,39.8,17.5,6.38,3.66,12.5,18.5
Utah State,33,14.48,5.23,80.9,70.0,28.3,57.9,.490,8.97,24.6,.365,15.2,21.7,.703,11.5,34.6,17.4,8.64,2.79,10.7,18.4
Utah Tech,33,-9.88,-1.23,69.8,76.0,24.5,57.8,.425,7.45,22.4,.333,13.3,19.2,.695,10.1,33.0,12.7,6.45,3.21,12.6,19.2
Utah Valley,33,2.31,-3.37,76.2,68.0,26.9,57.3,.470,6.09,17.9,.340,16.3,23.6,.689,10.9,38.2,15.8,6.58,5.76,12.2,16.4
UTEP,33,-0.29,0.68,72.5,70.8,25.0,56.9,.439,7.30,20.8,.351,15.2,21.2,.715,8.94,31.2,13.2,10.2,3.00,11.8,18.1
UTSA,31,-2.32,0.75,76.7,76.8,26.3,62.2,.423,9.94,27.5,.361,14.1,17.8,.792,10.7,32.4,12.7,9.48,3.45,10.9,18.2
Valparaiso,34,-2.85,-0.07,74.7,73.9,25.7,60.1,.427,7.74,23.0,.336,15.6,19.7,.790,10.0,34.5,12.0,5.85,3.74,9.74,16.4
Vanderbilt,32,15.03,10.19,79.6,74.8,27.9,61.8,.451,8.09,24.9,.325,15.7,21.0,.747,11.7,34.9,14.0,9.03,3.97,10.4,18.0
Vermont,33,-7.77,-7.32,66.6,63.8,23.5,54.2,.434,7.76,23.5,.330,11.8,16.5,.720,8.82,34.1,12.1,5.58,4.45,11.2,13.7
Villanova,33,13.34,7.46,73.4,67.5,25.5,55.2,.462,9.58,24.1,.398,12.8,15.9,.800,9.30,33.8,12.5,5.67,2.30,9.94,15.5
Virginia,32,6.12,8.12,64.8,66.8,23.1,51.8,.446,8.31,22.2,.375,10.3,13.7,.753,6.75,29.3,14.7,5.50,3.75,10.1,15.3
Virginia Commonwealth,33,15.26,1.17,77.4,62.4,26.8,59.9,.447,9.52,28.5,.334,14.3,19.3,.741,13.3,38.5,15.1,8.15,5.42,11.1,17.8
VMI,34,-11.11,-4.74,73.3,73.1,24.5,57.5,.426,8.91,27.4,.325,15.4,20.2,.761,9.97,34.7,12.6,7.91,2.62,12.0,16.1
Virginia Tech,32,3.00,7.00,69.2,73.2,24.5,55.6,.442,7.88,22.5,.350,12.2,17.1,.714,10.2,33.3,12.6,5.44,1.94,13.4,17.0
Wagner,30,-15.45,-9.99,62.5,60.6,22.1,54.5,.406,6.90,20.7,.334,11.4,16.1,.706,11.3,34.9,12.6,7.07,1.57,11.8,17.1
Wake Forest,32,9.90,7.75,70.2,68.0,24.7,55.7,.443,5.59,19.6,.285,15.2,20.1,.756,8.88,33.2,11.3,7.19,3.94,11.3,16.5
Washington,31,6.24,10.74,71.6,75.5,25.4,57.1,.445,7.03,20.4,.344,13.7,20.1,.682,9.55,32.6,12.9,6.45,3.87,12.0,18.4
Washington State,33,4.90,4.44,78.8,78.4,28.5,58.0,.491,8.79,24.1,.365,13.1,18.8,.698,9.97,34.1,16.9,6.39,4.94,14.6,19.2
Weber State,34,-9.28,-2.80,71.9,71.9,25.5,56.0,.455,7.41,21.4,.347,13.5,19.2,.703,8.50,33.5,11.4,6.50,2.41,11.0,17.8
West Georgia,31,-15.07,-4.00,69.0,78.3,25.9,59.6,.435,5.42,18.0,.302,11.8,17.0,.693,9.52,32.8,13.5,6.97,2.97,11.3,15.9
West Virginia,32,15.29,11.95,68.2,64.8,24.4,57.6,.425,8.66,26.5,.326,10.6,14.8,.720,9.00,33.3,13.8,7.56,4.09,10.8,16.6
Western Carolina,30,-15.71,-2.22,69.7,79.0,24.0,60.9,.394,9.07,29.7,.305,12.6,16.9,.746,10.3,38.4,12.1,5.27,3.10,14.0,17.0
Western Illinois,31,-15.05,-8.34,68.7,71.3,25.0,56.7,.440,8.00,21.3,.375,10.8,15.6,.692,10.2,34.8,10.2,5.42,3.74,12.0,14.3
Western Kentucky,32,-0.21,1.30,74.8,74.8,26.3,62.4,.422,8.19,24.9,.329,14.0,19.3,.724,9.28,37.1,11.9,8.09,2.66,11.0,18.3
Western Michigan,32,-9.42,-4.03,72.1,76.0,26.6,62.3,.426,5.94,20.7,.287,12.9,19.3,.672,13.2,37.8,12.4,6.94,2.34,11.0,17.9
Wichita State,33,2.78,1.97,73.8,72.6,26.7,59.7,.447,5.15,16.9,.305,15.4,21.1,.727,11.6,38.5,11.8,6.76,4.42,11.6,15.2
William & Mary,32,-5.97,-3.97,77.7,76.4,26.3,58.1,.453,10.5,30.0,.350,14.6,20.2,.723,9.31,34.4,16.5,7.25,1.81,12.7,17.8
Winthrop,34,-1.44,-3.92,84.7,78.0,28.8,60.7,.474,8.09,23.6,.342,19.1,28.5,.668,12.4,38.6,12.9,7.94,3.35,13.1,19.8
Wisconsin,34,21.15,11.41,80.5,70.8,27.0,58.7,.460,10.0,28.1,.356,16.5,20.0,.826,9.21,36.2,14.8,5.24,2.26,9.82,16.7
Wofford,34,-0.27,-3.02,75.3,69.8,26.8,59.2,.453,9.68,28.4,.341,12.0,18.1,.661,13.0,38.4,15.0,6.06,2.56,10.9,16.8
Wright State,33,-4.90,-3.80,77.3,76.4,28.8,58.4,.494,8.45,22.0,.384,11.2,15.8,.706,9.30,34.5,15.2,5.70,3.12,12.2,16.8
Wyoming,32,-0.28,4.60,67.2,71.2,24.3,55.6,.438,7.59,22.2,.342,10.9,16.7,.652,10.5,34.8,11.7,4.41,2.78,12.9,19.3
Xavier,32,15.57,8.41,78.0,70.9,26.5,56.8,.466,8.25,21.3,.388,16.8,21.1,.794,7.97,33.7,16.9,7.69,2.63,11.2,15.6
Yale,28,6.78,-3.81,81.4,69.2,29.9,61.1,.490,7.43,19.5,.380,14.1,19.2,.732,11.3,39.1,16.4,5.79,3.82,10.2,16.1
Youngstown State,34,-3.87,-4.99,76.4,71.9,26.0,59.6,.436,8.79,27.5,.320,15.6,21.4,.733,11.1,36.5,13.8,6.94,5.26,12.2,18.4