School,W,L,Tm.,Opp.,Pace,ORtg,FTr,3PAr,TS%,TRB%,AST%,STL%,BLK%,eFG%,TOV%,ORB%,FT/FGA
Abilene Christian,16,16,2260,2250,71.1,98.6,.361,.262,.523,50.1,51.4,14.4,8.5,.483,18.0,31.8,.258
Air Force,4,28,1982,2357,64.7,95.0,.354,.485,.525,46.6,62.9,8.7,8.1,.501,18.7,22.7,.225
Akron,28,6,2876,2534,72.4,116.3,.259,.461,.583,53.0,59.2,10.6,9.8,.557,14.2,33.5,.195
Alabama,25,8,3007,2687,76.2,118.7,.401,.462,.594,54.0,54.1,7.9,10.1,.563,14.3,34.7,.287
Alabama A&M,10,22,2337,2521,73.0,98.4,.375,.410,.504,49.5,54.3,11.2,11.5,.470,18.1,35.1,.249
Alabama State,19,15,2497,2456,69.5,105.3,.297,.428,.507,47.8,45.8,11.2,8.2,.476,11.2,28.9,.206
Albany (NY),17,16,2463,2437,68.7,107.5,.289,.360,.530,50.8,45.9,11.9,6.5,.499,13.3,32.9,.207
Alcorn State,11,21,2081,2307,66.3,97.7,.306,.294,.496,49.9,43.6,9.9,8.7,.458,16.6,33.5,.219
American,22,12,2334,2287,64.4,105.1,.304,.449,.555,48.4,52.4,10.1,5.3,.521,15.2,24.4,.230
Appalachian State,17,14,2102,1970,64.5,104.7,.350,.412,.533,50.7,52.7,8.5,10.1,.507,14.5,28.2,.228
Arizona,22,12,2779,2463,70.2,115.6,.366,.346,.573,54.7,56.7,10.9,12.0,.529,13.8,35.9,.287
Arizona State,13,19,2366,2447,69.9,104.6,.359,.428,.550,47.8,51.2,7.6,12.1,.514,15.5,25.2,.260
Arkansas,20,13,2528,2348,70.4,108.3,.355,.367,.563,50.6,53.2,10.8,15.4,.527,14.6,27.6,.261
Arkansas State,24,10,2692,2385,70.5,111.4,.336,.452,.534,51.9,51.8,10.3,11.6,.497,12.6,34.2,.245
Arkansas-Pine Bluff,6,25,2242,2602,73.1,99.0,.320,.379,.529,46.8,54.2,9.7,6.3,.515,17.5,26.9,.190
Army,16,15,2268,2327,67.7,105.5,.253,.421,.530,48.6,52.0,9.6,6.3,.507,13.0,27.3,.173
Auburn,28,5,2767,2297,68.9,121.3,.335,.406,.588,52.6,55.5,10.1,16.5,.557,11.5,34.3,.248
Austin Peay,14,19,2362,2472,67.2,105.3,.288,.409,.525,46.8,49.8,10.2,7.3,.493,12.7,26.7,.207
Ball State,14,17,2336,2300,69.0,108.4,.457,.373,.559,50.9,52.1,7.1,6.0,.519,14.8,27.7,.322
Baylor,19,14,2523,2282,66.0,113.6,.306,.399,.552,52.4,53.9,11.4,8.7,.518,13.7,36.2,.228
Bellarmine,5,26,2252,2484,67.6,106.6,.255,.445,.576,46.5,53.9,9.3,5.5,.548,16.0,21.2,.197
Belmont,22,11,2618,2529,70.4,112.2,.261,.445,.573,49.1,60.1,9.8,9.2,.550,14.0,27.2,.187
Bethune-Cookman,17,16,2265,2381,69.6,98.6,.359,.339,.517,49.8,52.9,9.6,9.7,.482,17.0,28.8,.248
Binghamton,15,17,2233,2287,66.8,103.2,.336,.365,.555,52.2,51.9,7.1,8.4,.527,17.6,27.6,.233
Boise State,24,10,2546,2246,65.9,113.2,.392,.425,.571,56.0,56.5,8.1,7.5,.525,14.5,33.5,.305
Boston College,12,19,2182,2349,66.8,102.4,.315,.330,.524,49.1,45.3,7.6,10.5,.489,15.0,28.8,.226
Boston University,16,16,2148,2191,64.1,103.1,.312,.422,.534,54.2,49.6,9.3,8.2,.510,17.4,32.8,.207
Bowling Green State,14,18,2352,2366,70.1,104.8,.337,.401,.546,49.5,44.0,10.3,9.6,.508,15.4,26.5,.251
Bradley,26,8,2612,2339,66.5,113.9,.314,.429,.599,51.1,53.7,9.9,11.5,.570,15.2,26.8,.237
Brigham Young,24,9,2672,2339,67.8,117.3,.302,.483,.593,54.3,59.9,10.4,9.8,.572,15.1,33.3,.213
Brown,14,13,1950,1933,67.4,105.7,.278,.409,.534,50.4,55.0,8.7,14.0,.517,14.7,30.8,.175
Bryant,23,11,2800,2511,73.5,111.7,.299,.354,.549,53.4,49.5,9.1,14.5,.520,13.8,34.9,.214
Bucknell,18,15,2443,2414,67.4,105.0,.367,.410,.562,49.8,52.0,9.4,9.2,.538,16.6,26.0,.244
Buffalo,9,22,2226,2508,73.3,98.0,.338,.439,.527,47.1,54.0,9.2,8.8,.493,17.6,25.1,.237
Butler,14,19,2437,2436,67.3,109.4,.373,.409,.568,50.2,55.5,6.0,6.9,.530,14.5,26.4,.277
Cal Poly,16,19,2873,2901,75.0,107.9,.267,.509,.583,48.0,52.9,10.3,5.6,.554,18.2,28.0,.205
Cal State Bakersfield,14,19,2434,2430,67.6,108.3,.343,.295,.538,53.0,39.2,10.0,9.0,.494,15.5,36.7,.264
Cal State Fullerton,6,26,2024,2475,68.8,92.0,.398,.338,.500,48.5,42.2,7.7,6.1,.447,19.0,27.2,.295
Cal State Northridge,22,10,2580,2319,72.9,110.2,.359,.313,.558,56.1,57.4,10.6,10.7,.523,16.0,35.8,.262
California,14,19,2494,2534,67.8,108.1,.389,.378,.526,51.8,41.2,9.0,9.3,.478,13.9,34.7,.290
California Baptist,17,15,2280,2241,67.5,104.4,.297,.350,.522,51.3,45.6,9.7,6.9,.483,15.0,33.3,.225
Campbell,15,17,2246,2169,66.5,105.1,.303,.413,.544,48.0,54.3,10.3,8.8,.506,14.0,24.6,.234
Canisius,3,28,2008,2437,66.2,97.8,.233,.414,.540,41.6,47.7,9.3,7.2,.512,17.0,18.3,.177
Central Arkansas,9,24,2318,2578,67.9,101.1,.280,.482,.513,49.3,55.4,10.6,8.0,.480,15.3,29.4,.201
Central Connecticut State,25,7,2312,2012,66.5,108.2,.255,.358,.564,52.5,52.4,11.3,12.2,.538,15.0,27.0,.189
Central Michigan,14,17,2341,2237,69.6,107.7,.362,.338,.553,52.7,50.3,10.5,8.7,.517,15.2,32.1,.262
Charleston Southern,10,22,2307,2503,69.6,102.3,.448,.424,.526,51.9,47.7,6.7,6.3,.490,16.5,32.0,.296
Charlotte,11,22,2328,2460,65.4,105.8,.425,.412,.536,47.5,53.2,7.6,5.9,.485,13.2,25.7,.318
Chattanooga,24,9,2602,2375,67.5,115.4,.303,.458,.594,50.1,60.5,10.0,8.7,.564,13.4,26.3,.233
Chicago State,4,28,2001,2518,69.0,90.0,.268,.409,.478,43.1,48.5,10.6,10.2,.444,16.4,22.6,.189
Cincinnati,18,15,2328,2169,66.1,106.7,.234,.381,.528,50.7,50.9,11.1,11.7,.509,13.3,32.3,.156
Clemson,27,6,2519,2167,65.0,114.8,.282,.384,.568,52.2,52.3,11.3,10.4,.536,13.5,33.7,.216
Cleveland State,21,12,2403,2178,66.8,108.5,.303,.328,.537,50.8,52.2,13.0,14.9,.505,14.8,35.4,.220
Coastal Carolina,10,22,2136,2275,64.4,103.2,.344,.399,.531,51.5,49.6,5.1,4.5,.497,16.0,29.4,.241
Colgate,14,19,2379,2388,66.9,106.9,.228,.425,.566,49.2,52.6,9.5,6.9,.544,15.0,24.0,.167
College of Charleston,24,9,2549,2437,70.3,108.3,.348,.399,.557,50.1,58.9,9.1,6.2,.525,14.2,26.6,.249
Colorado,14,20,2377,2430,68.2,101.8,.363,.373,.548,51.4,58.4,10.3,11.1,.506,18.5,28.9,.274
Colorado State,25,9,2558,2281,66.3,112.2,.318,.428,.592,52.4,62.8,7.6,8.0,.558,15.5,26.4,.246
Columbia,12,15,2117,2109,71.2,110.1,.290,.398,.562,50.3,61.0,10.9,5.9,.533,13.5,27.5,.213
Connecticut,23,10,2554,2245,64.5,118.2,.306,.426,.591,54.9,64.0,8.1,17.9,.555,14.6,35.6,.242
Coppin State,6,24,1867,2292,69.2,89.5,.363,.321,.484,45.2,51.5,11.7,5.6,.444,18.8,26.6,.247
Cornell,18,10,2383,2158,72.4,117.6,.276,.488,.613,50.7,62.9,8.9,8.6,.590,14.7,27.8,.207
Creighton,24,10,2558,2364,67.6,110.5,.285,.490,.583,52.4,63.4,5.4,10.7,.558,16.0,26.9,.209
Dartmouth,14,14,2166,2013,71.9,107.1,.304,.471,.553,51.0,59.0,7.1,7.8,.520,14.1,24.7,.226
Davidson,17,16,2393,2334,66.6,109.0,.290,.416,.556,49.5,57.2,8.6,7.4,.525,12.9,24.6,.216
Dayton,22,10,2406,2242,66.1,112.1,.381,.404,.567,51.0,59.5,10.6,10.6,.528,13.6,29.8,.284
Delaware,16,20,2780,2803,70.4,109.7,.300,.408,.585,46.8,51.6,9.1,7.4,.551,15.2,23.0,.235
Delaware State,16,14,2360,2229,71.8,108.7,.339,.222,.538,52.4,48.1,11.9,7.5,.502,14.7,36.2,.245
Denver,11,21,2316,2483,68.7,103.7,.329,.367,.549,47.5,44.8,9.8,7.6,.513,16.1,26.3,.243
DePaul,14,19,2402,2449,67.5,105.4,.274,.464,.552,49.7,60.2,8.9,9.4,.527,15.8,27.2,.194
Detroit Mercy,8,24,2146,2428,67.7,97.6,.290,.288,.497,51.2,44.4,8.4,8.0,.459,16.2,32.5,.213
Drake,30,3,2313,1928,60.0,114.6,.426,.372,.580,55.3,55.1,14.8,8.5,.547,15.6,36.2,.300
Drexel,18,15,2322,2207,64.2,107.6,.247,.372,.547,52.9,49.4,7.5,12.0,.525,15.9,33.5,.173
Duke,31,3,2812,2105,66.6,124.2,.321,.454,.607,55.8,58.1,10.4,10.6,.574,12.3,35.2,.252
Duquesne,13,19,2212,2155,65.4,104.8,.296,.428,.528,50.6,55.6,10.8,12.6,.505,15.6,33.3,.193
East Carolina,19,14,2502,2434,68.0,109.4,.360,.349,.530,51.7,49.8,10.9,11.8,.491,13.2,34.9,.259
East Tennessee State,19,13,2301,2128,66.1,108.7,.322,.414,.531,52.7,50.9,12.1,11.6,.506,13.8,35.2,.213
East Texas A&M,5,26,1995,2321,67.8,94.5,.280,.483,.514,45.4,61.6,12.3,10.7,.492,19.7,28.1,.180
Eastern Illinois,12,19,2062,2140,67.9,97.2,.338,.289,.493,49.3,47.2,13.1,9.1,.458,15.6,30.9,.229
Eastern Kentucky,18,14,2491,2408,68.7,111.5,.269,.425,.531,49.7,47.2,12.4,9.3,.498,11.8,34.1,.201
Eastern Michigan,16,16,2355,2449,68.3,106.8,.336,.381,.561,49.2,48.0,10.1,9.8,.526,16.5,30.1,.247
Eastern Washington,10,22,2283,2415,68.4,104.3,.309,.371,.555,47.3,53.4,11.0,9.0,.517,16.3,27.0,.241
Elon,17,15,2355,2232,66.2,110.8,.383,.425,.553,54.8,49.1,7.9,11.5,.510,15.8,37.8,.286
Evansville,11,21,2113,2263,67.1,98.4,.304,.409,.525,47.8,53.0,8.9,13.8,.495,15.8,22.8,.212
Fairfield,12,20,2161,2324,66.7,100.9,.260,.379,.500,47.5,51.5,10.2,8.4,.467,13.3,29.2,.189
FDU,13,20,2431,2415,69.2,104.9,.331,.421,.540,47.7,52.9,9.9,7.1,.507,14.7,27.2,.235
Florida,29,4,2818,2277,70.9,120.4,.322,.436,.578,55.3,52.6,11.0,12.4,.552,12.7,38.0,.229
Florida A&M,14,17,2235,2334,69.3,104.1,.359,.469,.555,49.3,51.7,7.5,8.6,.521,17.4,28.6,.256
Florida Atlantic,18,15,2598,2483,69.8,111.5,.328,.408,.561,50.7,57.2,8.9,11.1,.534,14.0,31.2,.229
Florida Gulf Coast,18,14,2321,2233,65.6,110.6,.231,.386,.558,52.5,51.2,8.5,7.3,.540,14.0,30.2,.159
Florida International,10,23,2285,2380,69.6,98.0,.348,.303,.508,50.3,49.1,12.7,13.6,.468,16.7,31.6,.246
Florida State,17,15,2383,2319,70.2,105.6,.394,.337,.546,49.4,50.0,10.8,14.1,.507,15.3,29.7,.282
Fordham,12,21,2452,2573,70.5,104.2,.333,.416,.527,50.0,53.2,10.6,8.7,.491,15.7,31.9,.239
Fresno State,6,26,2262,2582,70.7,97.3,.364,.353,.500,45.9,44.0,10.4,8.7,.461,15.4,27.0,.252
Furman,25,9,2638,2368,67.3,114.0,.344,.511,.576,51.5,64.4,9.7,9.3,.551,14.2,30.8,.237
Gardner-Webb,11,20,2287,2422,70.2,105.1,.362,.331,.550,52.0,39.4,7.4,8.8,.519,17.9,33.4,.251
George Mason,26,7,2348,2084,65.2,106.7,.416,.364,.560,53.5,51.8,11.0,11.0,.523,17.1,32.1,.296
George Washington,21,12,2430,2238,67.3,108.2,.402,.416,.549,50.3,55.8,13.1,8.7,.513,15.5,32.3,.281
Georgetown,17,15,2293,2202,68.3,105.0,.258,.374,.530,50.9,53.4,11.6,11.1,.504,14.7,31.6,.182
Georgia,20,12,2418,2218,68.5,110.3,.398,.368,.562,53.0,47.6,11.3,14.7,.525,16.1,36.1,.286
Georgia Southern,17,16,2449,2505,70.0,104.4,.267,.442,.527,49.5,50.7,11.1,10.6,.506,16.0,33.0,.175
Georgia State,14,19,2479,2583,69.8,107.3,.328,.338,.537,51.4,44.7,7.5,7.8,.508,14.5,33.2,.225
Georgia Tech,17,16,2421,2390,69.0,104.7,.312,.362,.532,51.3,55.4,8.3,10.2,.504,15.0,30.5,.214
Gonzaga,25,8,2859,2298,70.5,121.5,.309,.335,.594,54.0,61.9,10.7,8.3,.557,11.4,32.7,.247
Grambling,12,22,2271,2301,67.0,99.0,.333,.348,.526,49.2,48.4,9.9,9.8,.488,16.7,26.7,.243
Grand Canyon,26,7,2612,2281,72.7,108.4,.442,.339,.559,52.8,52.2,12.9,13.1,.514,15.7,32.7,.324
Green Bay,4,28,2237,2570,69.0,100.9,.367,.459,.555,44.7,60.2,7.1,5.5,.508,16.6,19.1,.288
Hampton,17,16,2391,2309,67.0,107.8,.300,.369,.520,52.5,45.7,11.2,9.1,.487,13.4,35.3,.214
Harvard,12,15,1848,1945,66.7,102.1,.249,.399,.539,47.4,54.3,11.0,7.7,.508,15.8,25.1,.191
Hawaii,15,16,2173,2208,66.7,104.2,.392,.382,.552,54.2,49.4,5.3,6.0,.511,17.5,31.3,.290
High Point,29,5,2795,2338,67.3,121.7,.372,.389,.601,54.3,45.1,9.1,7.9,.565,13.2,35.5,.284
Hofstra,15,18,2202,2141,64.9,101.2,.256,.431,.527,49.9,56.3,9.0,11.9,.500,15.1,25.7,.183
Holy Cross,13,19,2227,2307,66.2,104.3,.220,.417,.558,49.2,48.3,6.9,7.8,.537,16.1,23.4,.159
Houston,30,4,2523,1988,62.4,116.7,.282,.345,.557,53.4,44.4,12.5,15.8,.527,12.2,36.1,.209
Houston Christian,12,20,2111,2220,65.3,101.0,.312,.439,.524,46.9,46.9,12.1,9.4,.495,15.7,26.7,.214
Howard,12,20,2480,2538,71.5,107.5,.367,.399,.575,49.9,59.4,7.8,7.7,.539,18.1,30.1,.272
Idaho,14,19,2430,2493,67.1,109.3,.339,.473,.559,49.6,49.2,8.7,8.1,.522,15.2,29.9,.254
Idaho State,15,15,2230,2099,66.7,110.9,.336,.376,.532,56.4,51.1,9.0,12.9,.492,13.3,39.7,.249
Illinois,21,12,2766,2462,72.4,115.0,.346,.469,.562,55.8,51.9,6.0,9.1,.523,13.4,36.0,.263
Illinois State,19,14,2492,2374,66.1,113.7,.299,.480,.595,50.7,54.7,8.6,5.4,.568,14.1,24.9,.224
Illinois-Chicago,17,14,2357,2286,69.1,108.2,.339,.392,.556,51.8,57.3,9.6,8.2,.523,15.0,30.5,.244
Incarnate Word,17,16,2407,2274,65.1,111.2,.278,.362,.554,52.7,46.1,10.4,10.3,.533,15.1,35.8,.189
Indiana,19,13,2389,2305,69.1,107.7,.331,.332,.543,51.9,58.4,8.4,9.2,.511,14.4,31.5,.233
Indiana State,14,18,2563,2545,72.4,109.4,.344,.494,.585,50.6,57.2,9.3,5.9,.551,17.0,26.7,.258
Iona,17,17,2369,2396,68.6,100.9,.279,.347,.504,53.1,56.4,13.9,9.4,.475,17.3,39.1,.191
Iowa,17,16,2722,2630,71.4,115.1,.260,.410,.587,46.4,59.8,9.3,11.0,.568,12.2,25.1,.183
Iowa State,24,9,2652,2246,69.5,114.0,.385,.369,.585,52.7,53.9,13.3,10.2,.546,14.8,32.2,.291
IU Indy,10,22,2402,2458,66.8,112.0,.337,.469,.553,49.4,54.3,9.3,6.1,.516,13.1,31.9,.250
Jackson State,16,18,2428,2535,70.1,100.4,.375,.337,.521,50.1,49.7,10.0,9.6,.477,16.8,30.1,.274
Jacksonville,19,13,2308,2273,68.7,104.6,.289,.339,.527,52.3,51.6,11.3,12.7,.501,16.1,35.5,.197
Jacksonville State,22,12,2511,2334,65.9,111.2,.317,.370,.548,53.8,44.1,7.4,10.4,.510,12.9,31.7,.241
James Madison,20,12,2365,2256,65.9,111.2,.306,.443,.551,51.4,45.3,9.1,8.5,.516,13.6,32.1,.231
Kansas,21,12,2515,2286,69.1,109.0,.243,.343,.554,52.6,60.9,8.9,13.1,.531,14.5,30.4,.173
Kansas City,13,20,2386,2218,66.3,109.1,.321,.445,.545,53.4,49.9,11.2,10.1,.506,15.3,35.6,.244
Kansas State,16,17,2337,2297,67.9,103.9,.276,.402,.532,48.8,59.0,10.8,9.2,.506,15.4,29.4,.191
Kennesaw State,19,14,2526,2417,71.6,106.1,.368,.458,.539,54.2,51.2,9.2,11.6,.501,16.1,34.4,.265
Kent State,22,11,2433,2256,67.7,108.6,.299,.379,.532,53.4,47.5,11.2,10.2,.496,14.4,36.3,.224
Kentucky,22,11,2815,2570,72.7,117.0,.359,.417,.592,52.4,56.7,9.3,11.3,.560,13.3,28.7,.265
La Salle,14,19,2376,2465,69.6,103.1,.307,.335,.507,50.0,45.9,10.3,10.1,.469,13.1,31.0,.223
Lafayette,13,20,2261,2274,65.9,102.8,.304,.406,.533,48.6,60.1,8.7,9.8,.506,14.6,25.0,.208
Lamar,20,13,2306,2170,66.8,104.2,.284,.330,.513,52.4,58.6,11.1,14.2,.485,15.5,36.0,.195
Le Moyne,9,23,2371,2566,69.0,104.6,.367,.414,.560,47.9,55.0,9.8,6.1,.529,17.3,26.9,.259
Lehigh,11,19,2110,2143,67.3,103.6,.312,.379,.546,47.5,52.9,8.5,5.7,.521,14.3,22.2,.213
Liberty,28,6,2603,2138,67.0,113.8,.293,.485,.602,49.2,61.2,9.8,7.7,.589,13.7,20.7,.194
Lindenwood,16,17,2348,2354,70.6,99.3,.358,.342,.506,49.3,44.2,11.7,10.9,.470,15.2,30.4,.243
Lipscomb,25,9,2697,2289,68.0,116.2,.306,.472,.593,51.4,54.7,10.2,8.0,.558,12.5,25.7,.243
Little Rock,19,14,2287,2219,68.1,101.1,.289,.308,.531,48.2,53.0,13.2,16.4,.502,17.5,30.6,.204
Long Beach State,7,25,2152,2374,65.9,100.8,.360,.368,.541,48.3,49.5,8.5,8.5,.498,18.8,29.7,.272
Long Island University,17,16,2235,2156,65.5,101.5,.271,.340,.518,52.8,46.7,12.2,11.5,.488,16.6,33.6,.195
Longwood,18,14,2504,2371,70.6,110.8,.454,.339,.563,52.2,50.4,10.8,6.5,.519,15.2,33.1,.330
Louisiana,12,21,2159,2410,66.7,97.4,.305,.380,.497,44.4,44.9,11.0,8.4,.458,14.1,26.2,.222
Louisiana State,14,18,2363,2355,69.5,105.0,.325,.435,.543,48.5,48.8,10.1,11.7,.511,16.1,29.5,.232
Louisiana Tech,20,12,2364,2188,66.6,109.1,.342,.410,.571,53.0,58.4,9.5,11.5,.536,16.3,30.3,.256
Louisiana-Monroe,7,25,2205,2417,68.7,99.6,.309,.343,.501,49.1,52.8,10.3,7.0,.464,14.5,30.2,.220
Louisville,27,7,2672,2343,69.0,113.5,.345,.481,.569,52.9,51.9,9.3,8.1,.534,14.2,32.2,.257
Loyola (IL),22,11,2426,2265,67.5,107.6,.324,.420,.554,51.7,60.8,9.4,13.4,.532,15.5,30.2,.215
Loyola (MD),12,19,2145,2205,67.0,102.8,.295,.396,.529,50.3,55.0,10.7,7.9,.500,15.5,29.3,.206
Loyola Marymount,17,15,2279,2290,68.7,103.6,.285,.404,.537,47.0,51.5,8.4,10.3,.507,13.6,22.9,.206
Maine,20,14,2409,2248,67.1,105.2,.281,.329,.551,46.1,56.4,13.5,10.3,.521,13.9,23.1,.206
Manhattan,17,13,2280,2235,67.4,110.4,.313,.417,.549,50.9,57.1,9.2,7.1,.510,14.6,33.2,.241
Marist,20,10,1979,1934,64.2,101.5,.224,.376,.522,52.7,55.8,8.9,9.7,.499,15.9,30.6,.158
Marquette,23,10,2537,2262,68.1,112.0,.261,.463,.547,48.8,49.5,13.2,10.9,.520,11.7,30.1,.188
Marshall,20,13,2499,2366,69.2,109.0,.341,.403,.537,51.6,54.6,9.6,14.2,.505,14.1,33.5,.236
Maryland,25,8,2695,2211,70.7,115.1,.329,.355,.573,52.3,50.4,11.1,12.0,.538,12.6,31.0,.249
Maryland-Baltimore County,13,19,2559,2522,71.6,110.0,.312,.387,.581,45.5,50.5,10.1,6.4,.559,14.2,22.0,.216
Maryland-Eastern Shore,6,25,2090,2410,68.7,98.2,.349,.367,.515,47.5,48.9,7.7,5.6,.484,17.0,27.8,.232
Massachusetts,12,20,2333,2399,71.0,101.2,.342,.321,.489,51.2,49.1,10.8,13.4,.455,13.6,34.8,.227
Massachusetts-Lowell,17,15,2543,2371,70.3,112.2,.341,.347,.594,52.0,53.7,8.3,10.4,.558,15.8,27.5,.263
McNeese State,27,6,2549,2113,66.4,116.4,.352,.369,.574,52.7,51.0,13.6,11.4,.546,13.9,35.1,.250
Memphis,28,5,2641,2418,71.3,111.1,.396,.336,.570,52.1,52.4,10.7,13.0,.537,16.5,34.7,.279
Mercer,14,19,2511,2485,72.4,103.9,.289,.402,.522,50.6,47.4,11.5,7.8,.500,14.2,29.7,.189
Mercyhurst,15,16,2105,2167,65.4,102.6,.308,.358,.539,44.8,57.0,11.1,6.9,.494,14.6,23.8,.247
Merrimack,18,15,2166,2120,64.7,100.7,.244,.429,.521,41.3,49.7,14.6,10.6,.494,12.5,20.8,.177
Miami (FL),7,24,2294,2500,67.6,108.6,.264,.385,.551,48.2,47.0,9.4,9.6,.519,14.0,28.2,.202
Miami (OH),25,9,2740,2473,70.6,113.8,.275,.447,.592,50.4,55.8,11.3,10.3,.570,15.1,28.4,.199
Michigan,24,9,2602,2369,70.7,110.7,.354,.421,.580,53.5,58.2,7.8,9.4,.549,17.4,33.7,.256
Michigan State,27,6,2579,2219,69.2,112.5,.378,.327,.559,56.4,61.6,7.9,13.3,.512,14.2,35.3,.296
Middle Tennessee,22,11,2505,2357,69.2,108.0,.328,.392,.540,51.7,45.5,9.4,11.3,.514,13.9,31.5,.220
Milwaukee,21,11,2510,2295,69.9,111.4,.382,.316,.548,56.8,50.4,10.9,9.4,.517,15.6,40.5,.261
Minnesota,15,17,2178,2231,63.8,104.6,.315,.359,.525,49.4,61.3,9.3,12.9,.499,14.3,30.2,.209
Mississippi,22,11,2547,2367,69.3,110.5,.356,.402,.549,46.7,53.5,12.6,12.4,.511,11.3,25.4,.263
Mississippi State,21,12,2632,2447,69.7,113.1,.316,.423,.546,51.7,53.3,13.1,14.3,.517,12.7,34.1,.221
Mississippi Valley State,3,28,1678,2506,66.6,81.3,.307,.302,.467,43.1,42.3,9.0,5.4,.434,21.8,23.4,.203
Missouri,22,11,2787,2437,69.9,120.3,.468,.415,.599,51.1,49.5,13.4,7.5,.562,13.2,33.7,.340
Missouri State,9,23,2175,2268,64.6,102.4,.347,.368,.538,51.3,50.3,11.1,8.1,.513,17.8,32.0,.228
Monmouth,13,20,2321,2487,67.3,103.3,.367,.346,.518,47.3,49.6,8.7,12.7,.472,14.0,29.8,.273
Montana,25,9,2614,2480,68.0,112.7,.354,.370,.598,49.4,49.1,9.2,8.5,.568,14.5,23.8,.260
Montana State,15,18,2354,2298,66.7,106.6,.311,.432,.559,47.0,52.1,9.5,9.1,.529,13.5,21.6,.226
Morehead State,15,17,2116,2199,65.8,100.2,.370,.345,.506,53.3,49.7,8.5,7.0,.470,15.3,31.9,.250
Morgan State,14,18,2559,2584,73.0,108.2,.356,.219,.551,50.1,43.7,9.4,11.3,.514,15.7,34.7,.259
Mount St. Mary's,22,12,2392,2373,68.0,102.0,.316,.410,.547,53.1,60.7,8.9,8.2,.514,19.1,31.5,.232
Murray State,16,17,2371,2282,65.8,106.7,.412,.400,.544,51.0,49.7,9.9,8.1,.502,14.7,29.4,.297
Navy,15,19,2407,2393,66.8,105.5,.334,.372,.525,51.5,54.0,9.7,8.2,.486,13.8,31.4,.245
NC State,12,19,2158,2183,65.8,105.4,.323,.362,.520,47.2,51.6,9.8,10.2,.483,12.5,28.8,.234
Nebraska,17,14,2337,2259,68.9,107.7,.360,.385,.555,49.6,52.5,10.1,9.1,.515,14.3,26.8,.269
Nevada,17,16,2386,2248,64.9,110.6,.373,.375,.568,50.7,58.8,9.5,12.4,.537,13.8,27.4,.262
Nevada-Las Vegas,18,15,2285,2248,66.0,104.9,.358,.346,.535,49.1,49.6,9.9,11.5,.497,14.1,27.3,.257
New Hampshire,8,24,2124,2450,69.0,96.2,.268,.409,.503,47.9,46.5,8.2,6.7,.479,16.7,27.9,.177
New Mexico,26,7,2681,2335,73.2,110.2,.372,.323,.546,52.7,52.2,12.0,14.2,.515,13.3,31.9,.255
New Mexico State,17,15,2229,2110,67.1,103.4,.334,.375,.508,52.8,47.4,9.5,7.3,.475,13.7,33.2,.225
New Orleans,4,27,2105,2556,69.5,96.9,.339,.307,.493,47.7,50.1,10.4,7.1,.459,16.0,31.6,.227
Niagara,11,20,2122,2214,65.2,103.7,.307,.429,.558,48.3,52.2,9.4,6.5,.526,16.7,23.8,.227
Nicholls State,20,13,2443,2296,68.9,106.6,.329,.360,.522,50.1,43.0,11.6,10.6,.490,13.0,31.4,.226
NJIT,6,25,2023,2269,67.1,96.8,.271,.379,.494,48.6,43.0,7.1,9.6,.458,15.5,29.1,.198
Norfolk State,24,10,2627,2345,68.2,112.4,.388,.288,.577,51.8,50.3,10.1,9.1,.537,15.6,32.6,.293
North Alabama,24,10,2691,2400,67.6,116.2,.315,.351,.550,52.3,42.4,11.2,9.8,.522,10.8,34.1,.222
North Carolina,22,13,2828,2624,70.8,113.4,.348,.370,.575,52.1,51.0,8.3,9.7,.542,13.3,29.2,.257
North Carolina A&T,7,25,2213,2439,69.5,99.5,.313,.366,.497,47.6,45.3,8.9,8.0,.464,13.3,27.3,.215
North Carolina Central,14,19,2600,2501,70.3,110.3,.381,.347,.552,50.0,56.8,11.7,6.5,.520,15.7,37.2,.265
North Dakota,12,21,2550,2624,70.4,109.8,.328,.402,.533,51.9,45.1,8.1,6.9,.500,13.6,34.1,.232
North Dakota State,21,11,2595,2386,66.4,120.2,.334,.523,.613,51.3,55.1,5.4,4.9,.581,13.6,28.2,.259
North Florida,15,17,2651,2712,73.2,111.9,.243,.540,.559,47.1,55.2,8.5,7.1,.540,13.1,28.7,.167
North Texas,24,8,2179,1910,61.1,111.5,.367,.373,.562,53.3,45.5,12.5,8.0,.518,14.6,33.5,.284
Northeastern,17,15,2243,2229,67.1,104.4,.280,.348,.536,50.1,49.7,11.3,12.6,.511,16.0,31.4,.193
Northern Arizona,18,15,2503,2350,68.1,111.4,.296,.378,.542,54.0,53.5,8.9,4.4,.521,12.7,32.7,.195
Northern Colorado,25,9,2750,2463,68.8,116.3,.332,.388,.608,53.3,54.1,8.8,6.3,.584,14.1,26.1,.241
Northern Illinois,6,25,2199,2383,70.9,98.9,.302,.479,.522,44.4,51.3,8.5,9.9,.490,14.4,19.5,.213
Northern Iowa,20,12,2355,2150,65.5,112.0,.352,.355,.581,51.5,52.2,9.0,9.3,.555,14.2,26.4,.246
Northern Kentucky,17,16,2371,2377,67.4,104.9,.314,.397,.530,49.2,54.8,11.3,9.4,.504,15.1,32.0,.210
Northwestern,17,16,2390,2282,66.1,107.9,.313,.342,.533,49.8,55.8,10.3,10.7,.498,12.8,31.2,.230
Northwestern State,16,16,2146,2204,64.8,102.7,.327,.359,.529,50.8,53.8,10.4,12.5,.494,17.2,33.6,.234
Notre Dame,15,18,2397,2392,65.4,108.2,.318,.375,.551,51.9,44.2,8.3,5.1,.517,14.4,29.6,.235
Oakland,16,18,2402,2436,64.6,106.9,.312,.425,.531,51.1,51.1,9.9,8.7,.501,15.2,34.8,.218
Ohio,16,16,2554,2449,71.6,110.6,.330,.402,.576,48.1,50.1,10.0,7.4,.541,13.6,24.1,.251
Ohio State,17,15,2522,2353,68.5,112.4,.358,.377,.572,49.7,48.1,9.3,10.0,.535,13.7,28.9,.268
Oklahoma,20,13,2602,2470,70.0,112.6,.396,.419,.595,48.4,52.0,11.2,6.8,.549,15.4,26.5,.315
Oklahoma State,15,17,2323,2448,71.8,101.1,.416,.351,.528,50.1,51.7,12.5,8.6,.483,16.6,31.0,.301
Old Dominion,15,20,2376,2502,66.2,101.8,.316,.358,.487,51.7,44.0,8.3,9.0,.447,14.1,36.5,.226
Omaha,22,12,2654,2551,69.2,112.7,.366,.390,.571,52.1,49.3,8.6,7.5,.537,13.8,29.1,.265
Oral Roberts,7,23,2200,2356,68.3,106.9,.348,.457,.557,46.5,41.5,7.2,6.7,.519,15.0,24.5,.262
Oregon,24,9,2515,2341,68.6,109.9,.334,.386,.561,51.4,54.4,10.3,10.1,.522,14.2,30.6,.255
Oregon State,20,12,2441,2200,65.0,116.0,.383,.355,.592,53.2,55.3,10.0,9.6,.549,14.5,32.1,.301
Pacific,9,24,2295,2500,68.2,101.3,.326,.375,.528,50.7,51.4,8.3,8.3,.491,16.6,29.5,.236
Penn State,16,15,2452,2270,71.0,111.4,.379,.362,.580,50.2,57.8,11.4,11.3,.541,15.4,28.6,.287
Pennsylvania,8,19,1878,2089,67.5,102.6,.289,.444,.523,48.3,55.7,7.3,4.7,.494,14.3,26.8,.202
Pepperdine,13,22,2560,2681,69.5,105.3,.314,.347,.535,49.4,60.1,8.8,7.3,.503,13.9,28.2,.225
Pittsburgh,17,15,2428,2267,66.8,112.6,.342,.414,.564,49.5,51.4,10.8,12.5,.522,12.9,29.0,.267
Portland,12,20,2334,2574,69.5,103.4,.316,.428,.551,47.9,61.6,6.6,8.1,.511,16.1,24.1,.245
Portland State,19,13,2418,2227,69.9,107.6,.321,.318,.543,52.4,51.3,11.7,14.0,.525,15.5,34.2,.202
Prairie View,5,27,2286,2637,71.7,99.6,.341,.337,.522,41.8,47.6,11.3,8.1,.489,14.8,24.8,.236
Presbyterian,14,18,2379,2263,66.4,110.6,.318,.343,.557,50.4,48.8,10.0,8.9,.531,13.7,30.2,.221
Princeton,19,11,2209,2162,68.6,107.4,.240,.487,.544,50.0,57.5,10.7,6.5,.520,13.3,27.1,.171
Providence,12,20,2283,2320,66.6,106.6,.296,.455,.546,52.8,51.2,7.4,9.2,.521,16.3,33.2,.203
Purdue,22,11,2570,2346,66.6,117.0,.346,.381,.592,51.1,57.7,9.8,5.3,.563,13.6,31.0,.253
Purdue Fort Wayne,19,13,2583,2388,70.5,113.2,.284,.455,.582,45.0,47.3,12.2,7.9,.554,12.1,22.4,.213
Queens (NC),19,14,2527,2445,69.8,108.4,.344,.450,.551,51.5,60.0,9.3,14.2,.523,15.3,31.7,.236
Quinnipiac,20,13,2439,2358,71.6,102.9,.313,.379,.524,53.9,52.7,11.5,12.3,.482,15.4,33.3,.239
Radford,20,13,2441,2314,64.9,113.1,.398,.366,.566,53.1,45.4,8.5,9.4,.521,14.8,34.6,.304
Rhode Island,18,13,2419,2328,71.2,108.3,.426,.378,.565,51.3,51.9,8.2,8.9,.531,15.8,28.9,.296
Rice,13,19,2249,2249,65.9,105.8,.434,.387,.524,52.3,50.7,7.0,8.4,.485,15.0,33.7,.296
Richmond,10,22,2137,2302,64.8,100.7,.311,.457,.534,46.5,51.2,9.0,7.1,.489,14.0,19.6,.246
Rider,14,19,2211,2370,65.3,102.6,.296,.301,.512,50.4,51.1,8.2,9.1,.477,14.6,32.2,.214
Robert Morris,26,8,2613,2395,68.6,110.0,.384,.367,.553,53.5,60.5,9.1,12.1,.515,15.8,35.6,.277
Rutgers,15,17,2465,2482,69.4,108.8,.362,.363,.542,49.1,47.7,9.9,10.2,.506,13.3,30.8,.260
Sacramento State,7,25,2119,2257,66.1,100.2,.311,.458,.530,50.2,56.0,9.0,10.5,.504,17.4,27.7,.210
Sacred Heart,15,18,2502,2481,70.0,107.8,.262,.445,.544,50.9,61.1,10.5,8.6,.516,15.0,31.8,.192
Saint Francis (PA),16,17,2347,2363,67.1,104.0,.231,.420,.555,49.7,53.4,9.3,7.0,.532,16.7,26.4,.168
Saint Joseph's,22,12,2562,2333,68.2,109.6,.323,.465,.556,52.0,56.4,9.4,13.7,.521,14.4,30.4,.240
Saint Louis,19,14,2449,2320,68.2,107.9,.304,.503,.585,50.3,57.1,9.3,8.3,.565,16.7,23.9,.209
Saint Mary's (CA),28,5,2426,2002,63.7,114.6,.312,.336,.538,57.8,57.2,9.7,10.3,.510,12.5,40.4,.217
Saint Peter's,12,16,1848,1842,65.0,100.6,.343,.382,.502,53.2,46.3,10.3,10.7,.458,17.2,37.7,.254
Sam Houston,13,19,2411,2433,69.1,107.8,.357,.384,.556,50.3,49.8,9.2,8.4,.520,15.7,31.1,.259
Samford,22,10,2667,2406,72.0,114.9,.288,.460,.571,50.5,55.7,13.7,11.9,.546,14.9,35.3,.208
San Diego,6,27,2314,2629,71.6,98.0,.306,.357,.501,47.9,45.9,10.4,10.2,.459,16.0,30.1,.230
San Diego State,21,9,2126,1909,66.2,106.1,.314,.400,.536,50.0,51.3,11.5,18.7,.511,14.2,29.8,.209
San Francisco,24,9,2505,2273,68.9,109.7,.346,.434,.561,50.7,51.9,9.7,9.4,.530,14.9,29.3,.246
San Jose State,15,19,2455,2495,67.1,106.4,.303,.411,.550,49.0,51.0,8.7,8.0,.517,15.0,28.1,.224
Santa Clara,20,12,2601,2331,70.0,114.8,.289,.468,.581,53.4,58.5,9.3,8.5,.555,14.7,32.8,.210
Seattle,14,18,2254,2125,67.9,103.7,.426,.369,.521,50.8,51.7,11.9,9.9,.474,14.4,30.3,.305
Seton Hall,7,25,1970,2246,64.7,94.0,.329,.305,.481,47.8,50.7,12.4,11.9,.447,16.4,31.2,.218
Siena,14,18,2311,2307,67.6,105.2,.373,.399,.537,48.7,48.3,10.0,13.3,.494,15.0,28.8,.277
South Alabama,21,11,2334,2066,64.2,110.9,.335,.457,.549,49.5,56.6,14.2,11.4,.518,12.3,29.0,.236
South Carolina,12,20,2233,2286,66.8,103.7,.433,.390,.534,51.6,54.7,8.4,7.8,.489,15.9,30.4,.310
South Carolina State,20,13,2624,2324,71.5,110.3,.429,.336,.566,52.6,57.0,13.2,9.8,.529,16.8,36.6,.304
South Carolina Upstate,6,26,2393,2673,74.1,100.9,.312,.374,.537,47.3,48.4,10.2,6.3,.511,16.9,25.8,.211
South Dakota,19,14,2812,2763,74.7,114.1,.440,.385,.553,47.5,40.4,10.1,8.6,.511,11.1,30.8,.314
South Dakota State,20,12,2546,2352,69.7,114.2,.306,.408,.574,56.5,49.4,6.7,8.2,.543,14.8,33.8,.229
South Florida,13,19,2381,2385,69.7,105.9,.344,.374,.539,47.6,54.6,11.8,9.6,.503,13.8,28.3,.248
Southeast Missouri State,21,12,2442,2212,69.7,105.4,.279,.368,.546,49.2,49.7,11.6,9.6,.518,13.6,25.2,.202
Southeastern Louisiana,18,14,2324,2232,67.5,106.7,.346,.319,.538,51.5,45.9,10.2,7.3,.497,14.7,31.5,.259
Southern,20,12,2392,2184,70.6,105.1,.370,.338,.522,53.7,48.9,13.6,11.8,.490,14.9,36.0,.247
Southern California,16,17,2537,2491,69.1,110.4,.364,.347,.581,49.3,56.9,9.1,8.4,.546,15.7,28.2,.272
Southern Illinois,14,19,2405,2458,68.4,105.7,.338,.333,.546,51.7,53.4,9.1,8.5,.520,15.8,30.3,.228
SIU Edwardsville,22,11,2396,2182,67.9,106.1,.322,.365,.525,52.0,52.5,9.8,11.4,.496,14.1,32.3,.218
Southern Indiana,10,20,2144,2204,68.5,103.0,.303,.344,.523,49.2,44.8,9.7,7.6,.488,14.6,29.0,.221
Southern Methodist,23,10,2641,2347,69.1,115.8,.367,.351,.578,53.9,55.1,11.5,10.3,.547,14.8,36.7,.264
Southern Mississippi,11,22,2352,2507,71.4,99.0,.334,.367,.520,50.0,56.5,9.6,11.3,.486,16.9,28.7,.231
Southern Utah,12,19,2163,2285,70.8,98.5,.357,.326,.518,50.5,48.9,7.2,9.8,.476,17.7,31.0,.261
St. Bonaventure,22,11,2278,2143,65.2,105.5,.303,.349,.536,51.0,43.6,11.4,11.2,.502,13.9,28.5,.222
St. John's (NY),30,4,2676,2240,70.4,110.2,.302,.303,.525,53.9,53.7,12.8,15.1,.497,12.9,37.3,.208
St. Thomas,24,10,2827,2544,69.8,118.8,.336,.462,.615,47.2,53.6,10.2,9.4,.582,12.3,22.8,.262
Stanford,20,13,2409,2329,67.0,109.0,.297,.414,.544,50.7,54.1,10.4,9.6,.504,13.6,31.1,.234
Stephen F. Austin,14,17,2065,2118,68.2,96.5,.319,.368,.501,51.4,51.3,12.1,11.5,.475,19.0,35.8,.202
Stetson,8,24,2293,2608,69.5,102.4,.338,.379,.546,46.5,46.7,7.4,8.1,.509,16.5,25.0,.249
Stonehill,15,17,2198,2242,66.3,103.7,.319,.445,.546,49.8,60.7,9.7,7.0,.513,16.2,27.5,.231
Stony Brook,8,24,2128,2372,64.9,102.5,.311,.392,.520,48.8,48.8,7.9,6.3,.480,15.5,29.8,.232
Syracuse,14,19,2464,2566,68.7,106.3,.331,.327,.542,52.7,49.9,6.9,6.8,.510,15.4,31.4,.234
Tarleton State,12,20,2025,2227,68.5,92.4,.422,.253,.523,48.9,48.5,13.7,12.2,.473,22.5,30.7,.309
TCU,16,16,2162,2199,67.1,100.3,.335,.347,.497,50.6,49.9,11.3,10.7,.468,14.6,33.0,.217
Temple,17,15,2520,2487,69.4,110.9,.452,.318,.553,50.7,41.3,9.0,9.5,.506,13.4,31.9,.333
Tennessee,27,6,2464,2057,65.4,114.2,.346,.428,.564,54.0,60.0,10.6,16.1,.528,13.7,35.9,.257
Tennessee State,17,16,2577,2418,71.6,106.6,.404,.343,.550,54.2,48.4,9.8,9.9,.519,17.8,36.3,.275
Tennessee Tech,15,17,2308,2371,69.0,103.8,.290,.469,.541,47.0,60.0,9.1,6.5,.515,14.9,24.2,.202
Tennessee-Martin,14,19,2455,2373,68.0,107.0,.342,.475,.529,53.0,53.5,11.6,9.5,.495,15.7,35.9,.239
Texas,19,15,2667,2456,68.4,113.0,.366,.354,.565,50.6,47.5,9.1,11.7,.525,12.5,29.8,.274
Texas A&M,22,10,2378,2174,67.5,109.3,.417,.376,.517,56.3,47.7,11.1,13.9,.475,14.7,42.0,.290
Texas A&M-Corpus Christi,20,14,2576,2291,68.5,110.5,.354,.294,.558,53.0,52.6,11.5,10.3,.540,15.0,33.7,.223
Texas Southern,15,17,2325,2307,71.6,100.7,.281,.353,.520,49.1,51.8,11.9,9.6,.488,16.6,30.8,.203
Texas State,16,16,2439,2346,67.2,110.9,.364,.277,.556,53.0,53.6,10.3,11.1,.515,15.2,35.8,.276
Texas Tech,25,8,2670,2230,66.4,120.0,.297,.446,.585,53.2,58.5,9.7,8.1,.555,12.6,34.3,.227
Texas-Rio Grande Valley,16,15,2378,2294,71.5,107.4,.220,.507,.548,50.2,61.2,10.6,7.0,.527,16.1,31.7,.156
The Citadel,5,25,1997,2251,66.3,99.1,.345,.455,.509,48.5,52.1,8.9,6.1,.486,16.1,28.8,.213
Toledo,18,15,2603,2645,69.6,113.0,.354,.284,.552,49.3,46.7,7.7,7.2,.512,11.6,30.4,.265
Towson,22,11,2309,2201,64.1,108.0,.283,.377,.512,52.6,42.0,10.0,9.9,.484,12.0,35.3,.193
Troy,23,10,2438,2159,67.5,109.5,.387,.447,.545,53.9,55.4,14.0,13.2,.505,16.6,39.5,.279
Tulane,19,14,2473,2304,68.0,109.8,.356,.396,.562,49.3,57.3,10.6,13.5,.522,13.9,27.7,.271
Tulsa,13,20,2352,2430,67.6,103.8,.338,.426,.531,49.1,54.3,8.9,6.9,.503,14.5,27.3,.225
UAB,22,11,2734,2508,70.1,117.8,.311,.294,.552,53.9,53.7,9.6,10.7,.515,11.6,38.7,.237
UC Davis,15,17,2175,2249,68.6,98.6,.376,.350,.517,47.7,48.0,11.4,10.4,.470,16.8,28.9,.279
UC Irvine,28,6,2580,2251,69.7,107.6,.369,.347,.566,53.1,61.2,9.6,9.1,.516,16.0,28.4,.297
UC Riverside,21,12,2480,2449,68.0,108.8,.275,.428,.533,51.8,49.0,7.9,6.8,.499,13.6,33.4,.208
UC San Diego,30,4,2712,2095,67.4,118.3,.325,.504,.588,49.8,58.3,14.7,7.3,.558,11.4,26.8,.242
UC Santa Barbara,21,13,2527,2340,66.9,111.0,.302,.472,.584,50.6,58.1,9.0,8.7,.553,16.1,27.7,.231
UCF,17,16,2617,2644,72.7,107.4,.363,.413,.541,48.8,53.0,10.6,11.1,.494,14.7,32.4,.282
UCLA,22,10,2392,2103,66.6,112.3,.329,.360,.558,51.2,60.5,12.2,10.5,.530,13.7,32.8,.232
UNC Asheville,21,11,2630,2450,70.8,114.8,.344,.367,.567,49.1,47.7,10.5,11.7,.537,12.6,31.3,.246
UNC Greensboro,20,12,2332,2092,65.2,111.8,.296,.427,.553,51.9,50.9,9.2,8.7,.522,13.0,31.8,.217
UNC Wilmington,27,7,2699,2377,67.2,116.8,.374,.365,.572,55.2,54.8,9.6,10.4,.533,13.6,36.7,.280
UT Arlington,13,18,2302,2320,69.1,106.1,.367,.423,.547,50.8,54.6,8.5,8.0,.521,16.6,33.1,.243
Utah,16,16,2409,2310,69.1,108.5,.370,.438,.540,53.6,66.4,9.2,10.2,.517,15.2,34.9,.236
Utah State,26,7,2669,2309,67.5,119.8,.375,.425,.593,52.3,61.4,12.8,9.1,.567,13.6,34.9,.263
Utah Tech,7,26,2305,2508,69.3,100.5,.331,.387,.522,47.6,51.6,9.3,8.2,.489,15.9,28.0,.230
Utah Valley,25,8,2514,2243,69.2,109.2,.412,.313,.556,53.6,58.6,9.4,14.5,.523,15.1,31.7,.284
UTEP,18,15,2392,2335,69.5,103.9,.373,.365,.541,46.0,52.6,14.6,9.2,.503,15.0,25.6,.267
UTSA,12,19,2378,2382,70.4,108.1,.287,.442,.543,46.0,48.2,13.4,10.0,.503,13.4,28.8,.227
Valparaiso,15,19,2539,2513,68.5,107.8,.328,.383,.537,49.2,46.8,8.4,10.3,.491,12.3,27.4,.259
Vanderbilt,20,12,2548,2393,70.2,113.0,.340,.402,.554,50.3,50.1,12.8,11.4,.517,12.6,32.2,.254
Vermont,21,12,2199,2106,64.4,103.4,.304,.433,.537,50.8,51.3,8.7,13.0,.505,15.3,26.8,.219
Villanova,19,14,2421,2227,63.5,115.5,.289,.436,.584,52.3,49.0,8.9,7.8,.549,13.7,30.2,.231
Virginia,15,17,2073,2137,61.6,105.1,.264,.428,.556,47.1,63.6,8.9,11.3,.527,14.8,22.4,.199
Virginia Commonwealth,27,6,2554,2058,66.8,115.5,.322,.475,.560,53.6,56.4,12.2,15.3,.526,13.9,37.1,.239
VMI,15,19,2492,2487,68.8,106.1,.352,.477,.546,48.9,51.3,11.5,8.2,.504,15.2,28.3,.268
Virginia Tech,13,19,2213,2341,66.1,103.5,.308,.404,.543,50.9,51.5,8.1,5.8,.512,17.4,31.0,.220
Wagner,14,16,1874,1818,61.8,99.9,.295,.379,.503,53.6,57.0,11.3,5.8,.469,15.9,32.6,.209
Wake Forest,21,11,2246,2177,67.9,103.4,.361,.352,.538,48.3,45.8,10.6,12.7,.494,14.8,26.8,.273
Washington,13,18,2219,2339,68.6,103.4,.352,.357,.537,48.9,50.6,9.3,10.5,.506,15.3,27.6,.240
Washington State,19,14,2601,2586,71.5,109.8,.324,.415,.589,50.1,59.3,8.9,13.0,.567,18.0,31.3,.226
Weber State,12,22,2443,2443,66.9,106.6,.343,.382,.552,49.3,44.9,9.6,7.4,.521,14.4,25.5,.241
West Georgia,6,25,2140,2426,69.3,99.6,.286,.301,.510,47.4,52.1,10.1,9.2,.480,14.3,26.2,.198
West Virginia,19,13,2181,2074,65.2,102.9,.256,.461,.528,47.6,56.5,11.4,11.6,.500,14.3,25.9,.185
Western Carolina,8,22,2090,2371,71.6,96.1,.277,.488,.505,49.5,50.3,7.3,8.7,.468,16.9,27.0,.207
Western Illinois,12,19,2130,2211,65.5,104.1,.275,.376,.536,50.4,41.0,8.2,9.8,.511,15.8,30.2,.190
Western Kentucky,17,15,2395,2392,72.9,102.3,.309,.399,.523,47.8,45.3,11.1,7.9,.488,13.3,23.9,.224
Western Michigan,12,20,2306,2433,69.4,103.8,.309,.332,.504,52.0,46.8,10.0,6.8,.474,13.3,34.3,.208
Wichita State,19,14,2437,2396,69.3,105.8,.354,.283,.530,52.3,44.2,9.7,11.7,.490,14.3,32.3,.257
William & Mary,17,15,2487,2445,71.2,109.1,.348,.517,.574,49.0,62.8,10.2,5.2,.544,15.8,26.9,.251
Winthrop,23,11,2879,2651,74.1,113.1,.470,.390,.570,51.6,44.9,10.6,8.8,.540,15.0,33.4,.314
Wisconsin,26,8,2737,2406,68.7,116.8,.340,.478,.590,51.7,54.9,7.6,6.1,.545,12.6,27.8,.281
Wofford,19,15,2561,2374,65.3,114.4,.307,.480,.555,55.5,56.0,9.2,8.7,.535,13.9,37.0,.203
Wright State,15,18,2551,2520,68.1,112.2,.270,.377,.586,51.4,52.7,8.3,8.2,.566,15.6,29.0,.191
Wyoming,12,20,2149,2277,65.7,101.8,.300,.399,.529,51.5,47.9,6.7,8.2,.506,16.9,30.7,.196
Xavier,21,11,2497,2268,69.4,111.5,.372,.374,.584,51.0,63.9,11.0,7.2,.539,14.4,25.2,.295
Yale,21,7,2278,1938,69.0,118.0,.315,.320,.579,55.3,54.8,8.4,12.4,.551,12.7,33.9,.230
Youngstown State,21,13,2599,2446,70.6,107.5,.358,.461,.548,50.5,53.1,9.8,13.2,.510,14.9,30.9,.262